44749
89504
35094
132164
32769
143472
50130
40436
120388
40525
137603
97622
15959
156200
126702
107414
93972
67354
74635
8294
100743
164922
14098
170603
73905
38732
116936
148160
75009
133175
56093
85628
123849
133189
100595
132981
132267
126354
138095
113209
19179
83440
131858
73488
64755
77154
129702
108728
69997
101642
49023
125938
110595
147185
127139
64712
23012
79910
41904
87917
53963
101630
33802
71209
163059
43028
58175
147459
46510
163087
107896
129717
118869
11020
45052
145600
113170
56801
12128
32746
4545
152860
89747
62005
127384
1977
15468
85984
27951
128886
836
44287
115242
58461
45176
106410
57331
47013
159797
115323
148483
4154
7596
151921
92465
82385
126504
55898
129406
32344
100022
90451
15153
118587
104199
114704
164284
88831
89442
10607
133882
60585
97376
52769
34649
11294
165610
123168
126367
52370
1942
134827
163456
126685
153385
112678
147107
142130
103631
90369
24584
33474
126996
119933
39829
104971
61203
2750
8531
138373
136376
76035
69040
92524
24783
16970
131408
26124
147711
64802
74783
66807
112975
130609
91309
61859
117670
9323
17528
76961
141544
26204
119048
32736
76016
149911
74632
161350
45118
144452
167777
124366
62096
40753
141164
143278
60330
61168
137725
145216
118212
33439
133779
121414
55129
69928
71358
92852
54057
146000
68125
117766
81488
132311
167952
102769
4371
132620
7005
56238
123705
67264
25929
104936
130452
2593
170869
156842
76410
25583
110104
151141
136658
53537
8412
62018
75902
138517
147654
123297
105629
99860
138711
57197
140962
79501
143182
49536
105020
13857
111933
22638
170406
112616
163249
91083
69629
37207
31219
82584
5284
70036
89735
14725
97188
26545
35186
49035
135501
776
147991
57842
167780
84642
62678
73710
35974
65310
14739
5508
85536
130039
145763
156098
155431
141043
125555
138578
122211
82598
46113
127453
130413
35769
69816
165709
145905
68419
152218
75064
33657
137691
138390
10413
106273
14738
39186
106042
155959
141171
142952
76983
15722
23951
92469
130531
61465
170113
45514
153095
64710
144850
33188
134873
122551
61986
437
113875
131161
9324
68487
159828
159837
156626
37301
62507
116157
115364
136442
9280
51362
69520
23505
107258
99229
136988
56189
37883
140528
70080
143719
77031
104266
82445
24834
77022
138567
113937
45218
29796
69692
91025
41835
66379
137400
2217
12688
139526
133780
109348
30484
8083
143593
107172
12610
141855
137671
58407
155177
157267
25064
164597
76937
167441
137962
116534
108050
145333
63344
126379
147679
102805
128174
24521
42594
35209
154151
39465
136085
158095
105620
46015
165737
152163
89158
103577
9441
44285
80644
33487
59454
142842
11830
122803
185
72402
38682
90049
148762
35205
61440
67474
29944
89497
2222
152637
23284
60447
140756
3330
92748
116025
137949
2814
147293
143283
109316
54620
155288
123160
117947
52613
128158
49112
25066
95951
14334
7417
115482
18049
15891
159638
59396
81800
77849
142537
167769
136787
156134
108059
20687
44239
75472
69902
7807
146274
165293
19378
78821
77976
112241
138714
119634
56073
13873
5824
127551
29086
46628
12205
54499
56229
8749
34707
137069
10854
106730
51374
23440
15424
52380
69399
141087
152500
137435
127608
151875
126183
5482
77948
91134
27286
137862
97347
95207
37843
7283
23806
110712
48367
4960
98991
64940
131585
116777
47012
76034
22515
93459
153302
158794
68212
39781
134760
156417
166776
43171
158742
35107
145686
75920
58923
22353
54672
105817
59868
150620
155414
127070
156418
20792
163409
111301
92320
97351
79386
151749
55824
71249
11086
118347
92530
68736
739
68803
135825
120487
154641
150797
1363
117987
58819
38603
93485
5481
113555
85123
35558
170547
134985
8482
130670
164395
142226
61445
140653
39312
41577
127517
57159
134328
55990
123626
19832
168322
148525
90689
81971
111294
125011
102205
137599
24173
16579
84050
18686
130529
18635
137587
25612
165953
130571
165255
819
60536
12793
40198
168027
143711
136980
125419
144278
98243
135261
169481
25694
139070
130490
39326
134524
60341
127762
45751
6456
120854
11756
114114
94937
7988
42147
90386
110290
41511
2048
78539
24487
63680
33838
32152
50208
11245
128696
111184
113887
141202
129991
79886
106022
96527
12090
55106
28306
165969
121700
161357
132933
39066
83875
19453
86703
101761
53516
154612
28458
84591
7540
151460
53637
165198
161239
93774
42002
134735
140664
112840
8043
108865
56007
43614
157263
11831
83345
24542
118033
21243
138694
87851
112143
19668
57370
44634
89475
134567
88752
123439
119157
65752
72653
153042
130919
106450
110819
43936
154235
79570
47845
15139
88733
134394
76702
145585
2298
151459
106492
88030
111953
118452
58120
103944
143030
146924
142925
14501
110172
40535
77478
137136
165819
28561
125968
130295
19809
148390
102991
42014
2434
9086
109557
26035
117433
168165
136766
115608
106389
121891
40089
48629
165818
131811
168467
151491
62703
148804
47402
126209
144089
18427
118893
104007
69786
53751
162266
166719
21205
53879
96267
20200
37696
136872
125755
40092
125063
74369
71597
104112
136747
113754
3634
136654
133057
136837
63257
127322
125374
21874
11203
52661
12177
53530
6343
139852
86670
168217
102918
170797
140453
39337
131878
158094
37838
5570
154393
21160
155801
169754
23963
10888
156827
9247
85343
153820
153088
160331
105560
52975
73472
77819
5297
142937
129284
99444
56191
133647
18978
145242
113153
132827
133119
158272
71248
26017
53273
113577
28541
36440
124436
153640
15044
4453
127468
59476
127137
166754
159265
79779
109972
131180
74472
76419
60571
76942
125663
145757
70735
164617
5768
121865
9494
19981
75750
57114
103548
109743
135930
126452
114981
76952
98796
148038
64728
34328
116084
14981
4226
69060
54984
151264
130011
144013
7806
73475
24825
37810
29116
143238
97118
154159
62329
110014
94609
34551
103291
91911
85959
167447
11877
148102
124462
140457
67487
6076
22331
73521
12982
133356
61041
99102
134679
102990
121144
68495
101897
114049
135526
144631
27383
64076
142801
158746
3485
67559
35808
111087
45917
21115
11406
7153
72869
74340
165137
34462
159896
146024
21050
65382
51658
73460
48554
146603
63833
3079
104719
27144
61208
4101
93436
64719
9641
52406
148737
100495
105834
23865
39124
127561
107713
138205
99322
23685
147338
118108
163709
77115
26195
147753
164734
53404
113990
65460
162711
123786
161991
96117
127485
43428
119337
166911
45749
4259
71194
11247
48313
12216
123443
116455
132500
91841
153486
36937
117075
15353
26671
81121
117403
163707
131551
114217
3466
5593
79844
160964
99933
169166
35111
29735
64749
45800
75909
128298
63172
165002
32750
171110
115807
91976
153303
166642
12147
26181
29753
129662
159587
35109
39164
19359
52789
45177
11546
105740
35159
17870
35737
54988
46198
86052
118444
2220
83985
80527
161009
122725
71392
57198
133500
85476
61981
72353
118446
145062
50478
166862
129632
135007
133620
47705
54016
89460
52248
72374
95198
97443
140318
152096
110988
45523
83322
151306
138680
165846
145001
34589
12102
104054
12100
120238
90916
64846
131795
165661
148752
110070
147615
111283
120570
15291
73406
356
112591
149414
15260
10483
13075
115324
76691
109038
69904
131857
160449
71571
48125
143506
24559
84541
73834
90393
58445
145697
100944
62922
68170
42876
57713
29965
154669
150424
126579
87081
11209
133854
50866
43620
121399
153014
42021
8941
73381
92553
109240
126022
10539
124649
89305
43409
155562
110373
129330
151568
97284
127627
14704
144906
79034
137880
75958
152480
156113
79073
68214
70832
133080
50179
4890
142753
158389
168855
7681
123054
136514
166231
159355
66609
130463
102418
90596
39241
42802
71214
142040
32662
77176
136267
144710
133061
18209
38724
129745
154061
140173
29452
133263
95368
140893
74977
63802
102803
60827
144846
45932
81671
123934
122476
91353
73061
149576
106930
63133
60074
71344
36536
111321
94226
131544
68136
99182
161648
128492
20931
69404
98651
112522
63358
71122
139580
41652
153157
39363
155972
100179
47983
19126
51152
146559
150495
92144
130941
18282
140535
110658
104629
129718
109083
147774
43528
106944
143074
116826
2918
136585
44710
24298
75412
101838
32826
145512
125871
151772
60742
134550
143831
48513
17869
115344
52637
46026
121382
124993
116481
136245
85114
1152
53387
95799
95797
169570
34880
56154
70156
45673
132401
98263
136200
32592
18554
116874
127346
163744
139189
155790
87326
4547
13673
118415
115750
92570
38624
111165
148191
91925
22855
170486
144153
106672
14207
146850
69835
6417
35377
92113
80767
141153
6583
89849
128347
45781
136411
107617
141645
14736
36288
123277
92820
156870
98786
42637
71399
145423
29264
144969
15155
78718
74830
51288
19197
64742
5731
87989
77669
17245
7001
85403
19101
5612
64743
110733
101451
57736
64534
128250
166840
92451
48470
127650
106832
30123
73781
93463
96562
147212
125698
92004
25848
26134
91004
7060
139370
94549
30195
161329
149480
34767
134048
30203
156921
151614
136907
13855
28586
125924
99653
24259
153874
128427
166312
155270
163210
41445
98379
118935
95844
125554
60845
13307
43703
131778
112093
94948
21226
86639
109597
157586
131639
122802
100421
75700
3776
78417
90075
82033
46395
22703
141221
29199
83085
157016
87640
123371
38980
160532
125786
146562
148551
29177
114187
30307
159989
73585
159966
62835
126247
80204
23257
106469
134599
15887
166838
61735
121026
117455
75301
89861
96633
34287
140989
167689
103521
1439
28581
109108
67869
127053
112594
138037
129883
106907
151377
144116
2603
81743
6196
104015
137238
151140
63712
87161
83745
59478
5359
33836
25533
99293
19993
146837
86085
61017
69544
25438
19344
77179
143134
21724
3720
19852
107516
85807
509
127444
135499
4005
15415
143832
79820
151638
166445
1831
161277
2073
123466
26114
18073
1430
33826
147166
89971
48832
106975
93649
118180
11246
13132
52811
119326
169521
120918
15703
110664
96720
128338
137017
10766
129621
34484
120893
30472
73866
83104
92397
85105
132181
44274
57402
22505
169849
59892
16807
99235
39589
141034
162082
116579
155170
19503
56807
129786
21455
135517
34042
71574
122260
77724
60245
147556
19432
161266
106252
71196
21749
10957
85761
125985
109588
147358
142305
1573
5905
20605
38573
63699
132316
144862
102761
62078
124441
158785
87782
164000
58664
53984
170134
31925
116838
139227
23305
15881
130414
136044
14623
59625
156377
67528
126998
24320
76172
106129
30603
146414
14907
92317
30602
113074
133830
36945
81543
14854
4576
27071
145191
9117
105262
140630
147852
40434
94861
70583
104111
120168
68680
147277
129649
115341
94868
143224
8855
28454
150910
56797
151152
154715
73723
4961
43719
10521
71159
72049
141503
56672
3590
119589
128430
124391
124715
139667
124381
19854
15859
150479
112930
143016
28576
82423
23960
160211
57745
52808
6440
104578
170092
127692
94921
161592
139764
18618
13134
133794
53390
154859
67580
105811
5194
24688
166224
139623
63553
15604
81942
99987
148884
72776
19140
158122
6785
88571
138028
144768
3024
146903
12740
23382
124532
122429
131252
21509
17339
22383
134410
40386
156005
58242
144309
139591
58525
60917
77908
92558
95006
141471
131769
55152
91713
106677
21521
75809
32925
90468
157547
147889
155387
156695
42033
76680
60560
112259
37396
90299
133634
3075
91860
60854
160358
68086
105619
130938
107721
166478
81929
59874
74604
23577
145789
149385
135902
146396
112791
18005
101717
50961
155710
140251
17993
136250
17566
38910
29471
140454
4932
114317
159408
113986
137442
7120
165910
135391
85067
94740
126167
135695
119646
112945
61812
134743
115969
106925
99212
124174
10285
54138
136427
20830
37462
171132
30618
125836
111554
73239
83404
38530
139482
141774
68041
14049
109649
87774
72345
149542
91797
53725
171157
126175
27281
19228
57366
108523
147687
47701
22669
39075
46311
28217
168118
53506
144018
169093
140635
94986
110947
67495
8909
160101
103928
169626
150361
102137
20445
160564
81032
11803
66348
71559
21777
123455
147139
170514
6421
63837
84602
144869
67606
73845
124050
5904
163702
3388
84919
78062
165309
141619
123315
71271
100135
128248
132013
47607
149063
66368
145607
1995
123991
126100
121481
9250
155169
167720
34232
51882
75192
57761
64290
144722
76036
57808
18265
104550
28563
166045
40911
48835
107294
57378
146154
135104
47269
95386
157032
35092
149123
138033
94137
109885
127128
166921
145083
77435
141168
139307
40348
2204
52642
101724
72340
19951
146738
116860
65532
153823
141941
159157
14089
15821
18004
51989
151975
64993
52859
19279
153824
16779
75042
160547
129430
170722
147039
91795
87248
105574
52548
72405
153825
133258
106508
62876
156707
43416
133349
12168
159060
58245
68862
35705
19265
16210
52018
101595
90590
116814
124037
77434
44354
117595
78237
111282
54127
65062
9997
68876
148387
101723
136278
120677
144841
94910
89639
22884
134386
148574
26768
101696
63868
97525
122327
142279
146590
157282
148386
105219
104140
106506
82108
35234
72842
63733
41535
6105
36199
161180
162502
132066
3938
43081
113329
153596
23082
145012
163756
81362
75955
98464
57070
137919
117439
136906
98368
60260
130381
34811
140949
24875
6901
137426
132014
10520
147650
89109
22677
35283
53270
155355
158004
149569
71517
26493
128603
70882
55920
54076
24831
77429
93848
17321
154960
168288
23273
135385
117669
157057
48288
131892
71954
108634
131522
133714
7199
17340
36826
34366
147487
28601
152762
155045
144485
163384
1327
60714
147510
158681
99004
77882
165068
23255
134557
134546
15297
21042
86713
150842
114158
35182
1036
100163
21232
83013
136023
43885
13317
23054
115835
85612
89151
94290
20484
104023
78641
59998
102611
7803
84276
104335
162029
50276
47061
116437
129710
104410
110939
76826
161985
110405
140656
131698
70992
94557
148300
83686
149745
76799
124584
154528
98671
52803
167110
82973
148992
31801
120027
55743
95151
94344
131488
149445
5543
63139
51174
48502
19748
34792
149804
89410
134220
111302
111527
92793
61152
78256
168309
45729
86017
162280
159096
120295
136400
19836
25331
156777
135280
89384
54676
21023
78363
124490
129226
67475
82877
94564
146561
18192
40289
68217
1041
163199
104096
17442
129372
3695
7820
4449
125531
1569
42010
144270
31404
62823
89683
6173
34979
96852
126073
149370
112035
65600
138040
37831
17076
43844
126756
111557
113487
149653
131477
107828
10834
33546
69131
12044
123027
33828
42300
106831
155882
132333
52002
151876
60531
63518
69132
124343
63173
61610
124637
134884
121729
67949
112114
40651
117284
69645
5156
160809
8700
151167
23755
124580
15838
11457
100042
130842
102931
70016
37931
101886
2920
84250
142921
68479
44612
58287
154333
2221
116618
56291
102914
143066
63517
166705
47605
169628
160919
120159
128445
135207
45179
52694
52650
168210
133997
1652
111300
20424
120389
142658
157954
152760
132425
24983
33265
99976
154222
30992
1519
23384
138795
126244
14631
71969
63136
165829
41821
138637
85854
129302
154124
87820
9377
99548
19691
136275
157408
132144
81408
119055
123915
129940
89898
138870
46831
124073
144257
5627
64893
130810
48942
65979
87802
105695
105295
169635
22654
119752
81427
74673
18200
111610
20670
147466
94471
155701
22270
144405
36908
2795
169827
34893
25271
138595
87928
92026
30487
60222
126737
39973
67390
45439
108477
123412
25038
4636
4432
20487
54309
105236
9440
110592
52492
141137
61176
94357
79414
46890
164354
76825
112059
141809
145974
28947
39460
81043
137075
97302
167244
166872
5220
132352
54675
160360
75711
72454
123473
140209
96771
160100
69029
145406
136074
112922
148798
120641
156699
160321
22172
76947
160506
60044
76359
128181
152340
61202
72895
4395
45813
27447
139769
19510
100190
6322
24793
74309
70967
23085
83337
30179
5455
86984
112879
139304
39989
87801
159173
28337
2223
169311
161352
159196
150624
117397
75725
163086
91505
58697
163373
59563
42020
20050
140513
133622
28326
61025
104322
146616
99776
5937
100051
97648
120515
15166
159973
83364
140272
79420
92751
144006
129187
32292
53327
108074
11632
34784
3992
37071
34259
96568
65521
92412
97527
29675
110577
162607
3789
154690
133870
133020
82879
156343
161396
158983
681
27243
6884
143340
58199
85047
80646
59411
127478
156060
133819
81654
111589
131679
96999
38360
3427
15112
133999
44617
60787
134757
167381
140038
9151
159158
38816
136176
133846
1966
73925
84113
128753
74611
144011
69067
35312
163782
131524
146403
154964
65640
113021
9078
20031
36175
40866
166314
41660
14653
126840
118223
40165
164208
167002
148844
16274
131897
7752
148553
74651
63332
75525
17378
113124
136861
120732
28077
10803
168391
90780
98365
132966
23850
52788
121781
61048
110501
49702
41459
138553
82604
40179
122596
154806
106894
7282
132598
87163
63145
74888
110981
170168
40202
147049
170115
71861
74874
168156
42914
141826
138619
13748
67281
92757
144020
62818
51333
89786
81039
11940
4090
24479
122235
9768
51489
5496
156048
72358
67551
127681
24635
154399
111887
56867
108745
158999
136788
4928
75830
75153
89118
150802
111665
160000
135219
76416
86613
139411
138882
122727
8877
126387
137225
52582
154752
23224
125403
16494
121660
47229
57676
149473
85143
155338
21408
136208
112060
94006
49758
19165
39199
81768
61151
61942
161614
127691
48652
119825
5080
67731
4997
115576
97646
49905
62193
20910
108536
103884
146075
170248
147521
56248
119877
87511
167896
48010
132730
145232
140565
103977
164917
60872
23877
113998
60221
150925
70453
152559
49438
32382
171127
119208
133702
58041
130141
86005
132510
147563
102183
107935
116058
101008
99234
132784
46937
52381
54693
36655
3601
72719
134822
66785
80422
32704
5810
22512
31988
135333
48512
115606
158896
10614
134138
62444
154483
56864
109960
54092
151934
23069
114017
91540
52462
156084
20219
146320
38106
129126
20051
170874
23753
95942
21033
150014
33963
26371
152980
15463
136177
103170
58183
129133
3329
41475
93642
48990
167871
80839
132955
26558
124333
106028
150973
147255
170096
116626
92654
29158
17983
118599
110456
128830
114576
80304
142550
171104
92095
82339
5385
73464
63292
1438
79460
77532
27638
63610
45389
125321
20459
124507
45798
107437
71250
103106
116064
132481
35211
63705
116075
137473
139204
168145
24510
75730
156567
124645
8910
164746
11781
60731
96110
142290
154365
132775
153207
104444
138333
163741
138574
45952
91974
64915
167605
128153
105167
80749
140590
15902
119826
112032
128431
17775
140872
85325
154926
38572
82262
766
153988
118943
134754
83567
137809
53475
73956
165030
150841
149275
21283
41307
69546
78771
85973
67950
72461
106298
137710
73602
161127
119452
137204
104193
166258
30015
123939
143615
157012
134942
124495
57219
126922
42347
75315
157756
154527
157303
92746
144464
146427
140482
41937
150796
135436
60091
45254
56981
165098
148365
127672
23832
49036
79670
92374
104057
1079
134216
89456
87522
76076
90508
45991
71956
135144
119209
114419
5493
43970
94729
28498
22367
127752
128182
152094
73318
91000
107422
140342
134038
17964
145752
91096
77043
46495
150165
68711
114106
155958
39255
69967
30775
21475
35062
118382
53360
157245
9085
44075
135177
141003
165733
125834
127751
17297
11147
133616
158246
149857
135837
160284
104409
22818
103571
38706
121942
114246
78661
5827
164150
2391
63327
17298
124435
20241
53320
156624
77147
144742
3749
156411
168333
11858
164976
122610
83892
44937
155006
156860
148349
136228
42656
130021
86735
169466
67780
38753
129698
35689
83158
6573
81460
45421
91668
157350
9273
127823
110710
98974
149513
57705
159331
153727
134998
61470
82453
87195
75820
95582
69811
1129
38676
137043
65166
126015
138459
26685
136966
139570
7044
62293
66470
98870
134554
169676
13017
99941
142148
92096
69486
125123
96483
65962
142621
138718
9083
136412
126074
58096
129592
112924
137685
8994
88579
94045
81181
52638
131422
75318
77473
66806
76823
18691
151142
84005
94736
126619
129388
76137
140461
17283
149427
6254
90231
151684
103567
113079
147557
45738
143635
72039
119493
166227
85938
160559
108017
154429
92236
136574
38330
29095
137368
141623
23108
106048
87376
47942
19936
60023
4806
108749
6342
119575
110404
127347
10554
134742
62825
16969
135286
117874
86394
72961
119313
66955
37478
144770
26260
114417
25683
147545
52329
162054
47860
103004
169194
152910
167383
146735
2890
8652
138610
81317
101519
139218
28138
46726
15420
130254
133058
20779
110536
51099
104535
88361
48380
134065
44130
89887
132043
131447
105542
36194
117783
157187
52200
166050
56982
14840
118866
135954
104107
127066
151571
4959
150868
15565
135120
67094
124494
86276
71630
160411
101114
6651
21260
144643
134647
117350
84607
134527
69753
87682
67114
9309
59500
113507
149700
45261
119581
24013
127201
153449
61187
165342
15377
635
133146
49464
90482
111553
105601
25174
168172
122726
40327
35157
127565
85377
165971
7034
110151
28556
77506
124129
167235
160995
60420
78045
143328
133546
5487
43940
40493
130783
77796
61308
137430
89782
135106
38374
42015
148015
65030
3816
149486
45151
26534
51767
45875
47090
160092
115976
114460
128018
60754
164319
48935
121751
63805
20767
123098
101581
17371
132526
135976
26505
34237
38467
27321
128640
154843
153784
63295
57032
115149
1724
737
15735
26644
55731
94010
19831
58794
142114
157690
112658
96721
17026
164384
15810
168989
88948
29935
142726
25479
115200
15292
144481
34897
108838
142126
145890
81618
167947
4936
115185
23138
142150
91478
63184
22253
130939
162773
130645
95165
153501
127939
122561
127475
39911
55623
138182
130920
5192
134965
87308
72986
65081
65575
114577
108807
21669
149957
74390
68537
133067
104150
34837
126438
99948
82271
14856
115773
110443
53319
169338
74385
142154
56059
156431
40259
75929
91264
24637
135970
105573
140553
34195
159455
81395
1685
69373
92322
129905
44447
140478
100783
119195
133523
158448
105143
123683
18318
31974
144087
74506
29185
33694
19948
93879
159745
99146
163089
128424
128306
57818
147870
90918
29387
78059
159250
167781
127621
91423
132949
56241
83690
118910
58034
108372
158774
149821
106510
92118
125966
132555
136510
111235
119357
113293
74565
19549
169304
145424
4613
149214
74615
159201
990
119757
124543
155990
52738
37018
66289
9201
105411
96464
79023
84161
28481
20428
165715
98280
154633
52510
15306
25541
1314
97672
51289
130001
112484
116828
47732
55386
74645
108540
11361
38672
112794
132475
134581
118070
64605
65929
96047
137226
109198
45643
52740
68992
142101
129161
97881
163383
85094
158695
60532
110394
30373
142992
47522
11691
147708
48549
131663
102917
6418
68223
75713
155813
159114
66805
163459
158355
42287
50425
120208
76626
159867
3454
92627
64173
163463
156579
125787
1600
17328
19343
150703
20609
3480
59358
120781
149824
106267
2095
143745
112595
19325
98024
16956
135568
74734
65060
76390
74321
165836
138008
53038
165197
116845
146885
95346
61150
61851
109069
149272
2177
13568
75413
3806
73199
83505
161815
32082
125241
51956
29793
66366
41101
89550
123216
147762
29482
170224
100977
78429
63756
68804
68641
161708
69711
126238
149354
157488
110250
85308
88872
21182
93392
152432
99996
47041
123362
85594
72313
83887
156485
33920
14479
123640
123693
96005
82443
109368
68942
146249
149993
95578
129272
143286
36349
129202
50543
87201
142147
83787
135530
74856
22095
94577
38219
24434
55016
3599
32892
148966
96964
56124
159137
143731
147600
165314
8508
105073
32619
133328
153522
15418
66850
75479
129346
12189
105967
11942
8105
152723
31200
156050
145279
109497
82367
52458
125915
161325
134686
56027
5678
147653
124082
69495
22548
163694
51088
36438
132445
78571
57812
54286
62991
17900
168153
135542
143407
148161
38089
102197
142998
53799
53881
97989
113187
129222
168857
3797
33702
67275
98955
126597
82249
144887
58106
50894
132356
39187
105530
135287
111433
120524
166899
75292
105993
64756
53558
39990
8752
48451
52453
5346
24916
109994
1647
98734
15661
121726
84168
112419
80535
160538
140950
18263
60193
9154
51101
34785
74924
45121
110894
64555
58448
145751
150795
2120
145278
4543
108407
136815
85867
34251
101617
147828
65455
56211
144300
53308
144289
14190
51717
105608
161725
83921
140496
53406
135500
87991
74407
149306
147789
124859
145138
15848
149304
124583
56621
16365
51595
8213
170350
6881
62736
4555
127062
8370
170635
118593
163777
17111
25585
5674
82079
129370
149313
169971
145874
150987
25565
19464
48253
14908
8305
158031
136194
8169
29545
149010
125579
25571
148647
41851
774
33903
114318
134565
17112
75091
124660
25456
111289
80550
101832
117225
158074
128426
51765
93177
154480
123041
80250
138202
87383
141562
70533
63046
150111
131815
2452
128848
64201
117267
139761
115699
87564
100041
107580
170939
131446
156045
9202
121930
127495
5459
100422
96116
804
165079
133730
1042
69896
117528
165970
71979
34365
143405
34161
145225
167182
136717
40861
47850
135722
94953
28310
13663
136386
149384
143937
21873
76965
28533
139656
42459
26137
68845
9080
85699
86239
90586
9594
133314
11154
120333
153299
50454
1109
40091
141625
12791
30183
38953
139332
99972
80659
11360
154601
20493
64270
51496
118127
54575
88583
51880
154068
3465
20016
53140
86662
61055
56721
53562
90011
98746
151861
86242
144713
115147
94044
25584
4489
108389
145870
155135
122730
116871
92326
24319
171082
108333
58487
111010
170183
135861
132108
108334
80093
138341
155134
34213
66974
143996
9463
121586
86245
23385
111907
27458
138467
54447
127174
162547
155678
18806
17565
92242
41772
62397
138620
58436
6122
27108
152506
51438
128957
110649
121846
168466
91939
133971
123028
115424
90189
112470
85429
111072
64660
146759
137395
54081
27046
145244
89627
125896
41829
45265
130457
144114
36063
87847
7466
50974
162966
99260
35511
109833
113430
68172
97377
160086
34341
101903
56501
139403
28133
30800
27298
166896
60966
153528
90985
133125
20333
125094
128708
104128
32852
75256
7288
164211
140835
136371
21099
80941
121007
68034
513
97616
92314
149533
108535
34904
149511
80386
119602
60598
91197
164221
20190
142409
106748
100193
81901
164224
53233
95921
156049
5534
38351
13263
57680
88755
77364
72924
133746
66307
134558
97172
59907
160644
105705
145214
114220
51585
70324
160911
8525
165785
125097
69713
60612
168208
59078
145162
24991
53480
96887
117066
161243
127658
112505
112486
41804
146936
16686
90070
104713
112179
166861
45868
45309
61113
2082
19403
22718
52633
112543
106015
11809
160699
110956
35541
150164
48751
169906
106623
33905
100462
153729
165694
154368
50805
92764
46384
59673
160527
29003
132424
93934
165961
34520
155499
13262
24108
86252
125801
132198
149438
101539
117424
111505
120537
52016
60247
7330
98102
155088
74445
161902
138876
113088
40103
146902
54830
71938
72066
83109
139163
147069
67384
139867
14054
112099
126496
89027
149746
168215
95751
125293
81184
76802
92349
86663
82851
140479
25413
141631
41582
116483
11999
65066
18354
154797
136197
127419
31083
59074
110621
90713
154403
113193
25256
83110
18276
170919
24583
166800
38711
686
143273
48786
4066
2390
39057
145063
43616
135682
36186
130507
59092
123214
80696
142623
90906
49656
105271
98665
137223
23693
18272
87566
76892
118417
139816
42270
3842
17976
90001
39846
82643
60473
106694
148028
127524
34350
89588
163327
93363
94817
160276
85593
93805
99228
140515
160189
70775
114449
156724
64750
63004
21460
102421
167919
101919
98580
76260
78985
12892
126032
156846
7003
169295
136594
145556
21448
145982
97074
71573
38515
93650
144326
116154
139118
147014
170133
9438
144040
15855
85884
57150
14131
109210
98281
13162
171165
149447
84175
44156
145217
145268
162614
160848
83918
12112
88782
8466
56290
164444
18090
126038
114123
85902
29383
141904
113017
120844
19024
37983
19909
118207
68400
98366
135357
40660
44912
162043
63012
157768
142298
139672
111459
147639
34803
101544
19623
19667
47995
137375
53995
61751
143941
93396
163386
120250
168306
45995
102656
148939
127901
28353
36156
121618
133348
141042
35238
87309
57035
126327
119823
96452
154879
139746
90062
113223
17263
22394
154975
114434
71012
113494
120807
132948
3091
37166
118480
163623
75789
123127
43041
69417
124743
31809
127058
164162
95938
43892
121377
52461
163415
150268
106821
149531
18982
153743
8674
122714
6547
116859
87590
10767
81341
87192
117042
141610
154361
152182
125367
122745
69503
153857
62448
92158
108658
63367
74386
117405
144198
85798
119066
39340
19230
98581
28940
95509
47160
124650
30200
117033
145816
137733
133069
118978
135578
31612
84651
71558
147662
56703
85028
142899
133816
43681
154832
1323
92413
102420
5795
24433
133259
128481
11863
12536
149359
123643
112047
139886
33352
137052
159092
55498
118423
1686
95344
22542
111305
104345
81383
54985
115967
137941
119009
147630
17483
126990
108231
13310
150494
54505
6699
65044
87592
5524
69606
134417
87321
62587
4294
75943
141624
164309
147683
58449
79545
150568
38324
12686
126293
46517
70155
105136
61715
1985
165706
34487
15601
33521
101791
113511
112943
22978
11645
70181
171008
81229
81509
31990
38137
170704
119821
57224
9595
101126
137844
169838
130422
24002
71370
22894
28097
66901
125921
139000
63166
55686
156947
60552
45403
34209
53762
27405
71793
44135
164307
23403
71723
114828
79872
56250
126072
27392
165221
171124
5488
76936
92732
79871
147599
149678
34094
58803
49415
57992
116639
136733
20650
35637
27336
92456
17205
60069
48810
170234
15635
145553
167710
133357
76900
58847
19659
138261
77600
160488
154795
150231
140973
170203
154602
158751
141749
79870
11840
69069
21992
147492
38895
42017
130105
121599
109315
129738
135032
142772
62925
48778
73603
45500
124940
104669
157250
150057
131724
94879
109050
137347
155095
155888
48400
9606
2676
28265
141293
64320
135163
23689
165101
114033
111627
125278
147953
19326
24676
47201
168200
119889
38920
55635
136908
21968
47403
40366
72851
38283
19529
147121
36500
140863
108109
38911
67182
3755
144341
40337
78223
95292
27058
154640
138664
97219
152272
144933
165391
129038
35667
45801
37826
126306
56663
130478
123715
53227
137021
112693
76299
67601
57085
6656
93797
58572
107859
63115
49674
166825
57044
69485
139313
37631
158801
90010
46094
144598
125245
151662
95308
31002
126386
128434
144904
5752
124340
17488
135728
83366
160990
4198
48410
62526
161192
125566
87931
102949
25310
101171
133081
93391
57129
63075
87509
5519
161594
43894
124477
48405
145957
161654
80077
12047
122016
156605
156321
125532
671
9056
27887
6923
812
23074
125792
103544
4734
7304
149137
75324
83408
81692
165302
41573
2340
21391
139388
23804
16267
24106
112659
143772
10114
97556
29718
162550
157015
82747
51441
5059
147451
125522
123039
30070
7435
39559
92846
106833
85245
135434
110442
15658
6707
130646
171194
17738
121987
25285
145837
60543
86748
26614
29155
127956
54979
140142
134225
123017
103191
62403
119146
25804
65609
12956
16290
9348
15518
160324
113444
147079
48702
111666
134473
61791
93201
48833
152268
12088
39122
2793
131449
16115
122340
147923
119482
67888
159337
13780
4348
17459
26574
167186
98082
138636
101263
108510
108004
85694
162926
66186
141605
52720
53447
54665
146741
80906
7345
123787
91774
101670
62762
35958
41612
101669
145542
74901
110962
170917
100147
61565
166204
127662
143750
110736
108733
26212
73348
149934
116336
12689
153684
128557
126358
40361
4818
1867
113442
37486
14807
157063
61670
165069
159248
157643
94252
32802
154057
38138
9175
48030
62564
164058
72844
27352
166930
87371
126723
75732
88643
95193
120805
12031
3350
44122
22888
121796
132691
99902
64675
168152
92065
121191
122245
87769
170430
42325
871
151371
18420
77121
74387
169562
138835
59391
75345
66480
120701
154796
103108
38377
103017
80526
138105
160889
16844
141898
64770
9084
151219
166307
148050
19849
139445
160463
165576
89790
152507
119632
70064
1517
129208
139539
74694
6239
99974
149426
52595
146235
163921
134840
126706
138555
151067
54223
125133
136206
85801
4876
24564
157355
129642
143703
125132
87404
140533
122226
19847
112501
108588
73811
136836
151292
34348
138560
34043
64600
16325
21722
147675
153492
54229
36853
79493
163181
142120
14319
159365
98864
97366
61183
119409
113362
62201
11524
130576
29875
16378
47020
132019
169486
35254
146189
99876
111640
86412
70248
93147
117272
145243
53896
49116
132363
26684
74867
150191
126707
2178
95586
7182
132733
71812
90896
136834
45455
131479
150835
39723
35267
83721
130541
111297
3490
121860
131253
53555
103093
154778
32445
4968
134053
20027
127330
40065
66273
134009
11087
29792
119726
138630
157474
92291
136572
134008
3927
131079
56480
136921
43095
63382
6079
96824
163372
34827
135031
154056
364
156392
25403
160598
41840
11251
30030
171022
136768
112620
121943
1903
50967
23077
11689
119245
143537
29957
46014
88504
41434
34474
22885
56675
69078
35973
151679
16993
100589
127525
148039
62730
2622
170741
107495
165691
1797
141009
53793
64587
71068
91308
159763
28453
7324
45655
147533
4665
133654
44045
47730
103940
130985
141593
156609
43618
130460
984
94951
140781
142583
75170
118774
78030
95484
118838
2550
17913
33742
40246
82028
74614
102892
112665
138520
55384
54027
90479
87612
1086
11402
144407
146958
109045
45155
66351
49522
153543
120445
119446
147786
128802
151298
154764
137488
18095
92656
12196
57995
34206
117927
65381
95707
103975
108442
86962
34069
13309
121392
167122
125389
139597
75574
130540
141670
45414
86349
116873
61288
135561
31517
135217
164529
96683
116078
55039
88360
95793
53667
7599
16706
73612
47733
8293
25131
109129
138310
144311
65674
1692
65682
136452
95728
90706
168330
129569
117085
91887
71878
136769
133329
162838
102809
166356
67225
112792
145744
169841
20341
106054
128684
42865
29114
135862
67774
15100
13653
159997
18606
22794
131187
64089
103094
35939
98344
110983
117189
27150
158777
48348
42632
56983
23779
63254
56655
141985
4627
122813
27228
102303
57101
61131
3136
49444
139920
99989
107507
114450
47716
106996
121940
1673
86192
12424
114115
77189
90688
31651
86086
53373
139230
94504
113632
10420
115027
108916
170577
44655
135830
91092
107756
19945
41833
90085
165743
163462
144892
105770
85393
72012
88442
94353
119932
62996
25218
166135
142854
70121
3473
31743
168052
4147
163765
10860
128745
163405
155677
120403
105205
24682
8365
19742
37608
113130
40267
149296
79883
113185
106271
118184
78285
48968
163385
21172
20074
44812
53437
79490
54526
79904
59674
56959
21053
165091
166782
24819
159721
63298
156660
11847
72933
111285
93389
150855
13301
10773
1268
140549
13077
33628
154264
149391
75831
64617
149463
57784
83372
19722
130065
168103
128768
127142
127894
153287
147968
16269
115837
63466
92411
70035
136791
37781
6609
144851
104069
7960
95801
157463
108684
32
153842
136873
141183
5318
107672
1964
66566
50920
73711
135555
92082
101911
162132
157499
148783
13160
36218
24677
147761
83561
141263
81643
70876
152575
31977
96016
92862
56209
60819
92058
2383
157332
83413
120249
84289
107011
40001
644
23998
93578
9060
105868
139802
3371
143486
142156
89119
75319
123023
55709
50833
15447
4579
107168
12317
137604
156869
137573
145908
39325
137209
61903
109865
135941
145558
154219
87806
128070
86715
105410
95377
111580
125184
87956
245
97632
57251
70801
60566
54879
143811
167789
21345
8812
44303
134030
97756
148761
41539
134306
56401
153280
143995
141336
83938
62285
3459
11666
49188
9702
62824
13153
164288
78510
104258
127268
138813
165346
65438
135594
145161
96221
30226
2038
112199
120493
123839
159077
129868
110500
137929
137530
125503
38272
119958
156456
138634
165373
95777
141157
54072
19336
6144
125452
161270
130155
35433
120699
138566
96318
108568
23379
37493
6945
143227
120611
60009
126733
136319
70069
171096
152338
73605
8765
119736
65068
30421
109692
148891
129283
117637
68220
137850
137931
79836
15191
19102
15070
51692
128599
138957
22418
63197
169728
20518
76834
75806
86960
106071
95049
20052
36906
134939
105735
89525
2663
134712
153868
104039
133015
121828
136578
53961
35663
77711
141085
44694
134041
16903
92539
100352
165710
57367
163717
82384
160530
92645
31081
58450
77367
48113
11116
78029
21314
43677
118660
134856
46972
148874
115592
136789
20803
111304
48878
131905
57482
19189
85693
42016
162072
134037
131157
92431
96635
103178
42022
149818
134429
125733
119269
4474
36576
96572
113847
91768
96570
155119
105521
45111
143698
165801
6982
62797
119748
49264
130407
149596
75195
156820
83409
61713
63482
150979
162002
108396
44413
110964
131836
15450
63768
105332
48760
9508
152838
131849
122839
77900
140965
105174
9889
43465
18634
135279
20867
3561
153011
37491
90562
148124
58124
120800
143617
168036
88601
54930
122848
115626
144088
69708
44120
38889
119820
126542
124492
120286
35081
136566
152844
87085
145061
25933
143865
147827
153369
2510
8243
119467
143774
56598
85901
171190
166324
8275
74447
135703
101082
35088
49472
30207
95698
166235
27545
150119
123639
148499
93056
136785
88488
78152
102573
122349
45790
73232
115970
89490
167794
120952
143279
133002
119255
5327
23143
105110
90115
39462
115104
21847
104983
94734
138074
105691
163860
49249
134933
155317
89557
141660
102279
38904
30224
48560
116140
25722
63999
155774
147262
141936
57704
12313
104271
152476
60145
45425
41832
12460
98364
21325
81740
165345
145733
155616
133110
142140
13738
147500
37712
40757
63412
149717
147397
107894
74967
5057
19660
45167
101894
140379
77934
138248
17877
35514
123987
85021
128704
131840
112905
149838
118797
5288
112872
9208
45178
68735
137243
12105
144248
9297
98515
122471
111988
128230
10531
120421
128963
56952
114026
62827
90523
132446
112944
124613
125876
146755
151490
89521
139550
30322
145484
110901
131259
160420
79208
48793
31508
73912
125508
15276
128964
143936
84088
129466
123235
155412
69483
143119
143927
165451
15421
60896
36276
9465
76037
140636
145456
141755
61087
62590
54012
19235
92837
170680
1011
16379
117109
12725
98987
21278
14585
89655
87152
133345
110433
84848
82239
115140
3392
97833
67759
109275
118428
139506
75552
38915
152505
71193
151588
52896
64853
84385
72362
49700
46222
140397
151771
91464
53206
49820
85069
126566
44889
139397
89817
155419
70891
11248
168119
84282
150027
141521
84654
58696
158261
88996
159832
141748
101833
166610
39443
135076
705
139404
166486
81466
63066
83373
66382
11621
31928
4915
149976
7058
132213
84974
108373
12645
156250
170755
115471
55122
140943
165001
120703
86603
69693
138262
80189
39967
63797
164685
117929
112593
63898
128697
79176
107404
70972
47473
128487
74519
67247
95209
58699
171136
4197
128712
164230
2923
4764
89227
125829
7296
163722
70351
119020
112037
154291
77346
1815
59549
171044
59584
111927
110003
128021
64924
101738
107482
16715
139226
89363
107708
105168
86375
158806
141403
65384
69017
26694
88008
131978
70454
57840
50850
12670
122246
113320
129448
117844
112623
151456
152516
151002
117774
165974
93741
116960
133587
130161
38725
153374
12042
72645
163387
43249
140152
144913
13117
154448
34204
144446
38551
148770
93927
54157
127120
49417
100083
112933
109414
29268
62933
149026
159610
43926
155604
30090
85986
117255
122736
83617
53209
93820
77239
96521
76911
135024
95129
148802
23778
1331
59697
99816
99036
163987
159709
15054
157391
133795
77459
18032
96160
138414
167259
27335
169270
83336
49904
128005
121746
152611
117428
4813
79830
6146
96919
23078
94651
139853
27070
53783
28548
118398
93787
135557
83755
137275
136273
155322
140977
7933
89528
149247
74384
158165
59877
12099
83926
79993
127073
144418
16671
108448
55881
23178
162554
122960
91561
47157
75306
123175
150971
130064
88089
98880
16777
84887
127389
115573
110450
104910
34652
84221
49407
100072
15860
137449
86395
135167
66271
63419
58313
156702
100905
157653
1718
111336
65654
104044
14987
21177
86343
123344
91648
57102
56055
33145
115628
76380
160421
92085
132460
139582
94538
143351
29184
158679
75724
108346
112198
154478
31130
81750
110673
24061
24694
171099
97851
161137
87169
76131
126326
143783
150771
149805
138565
1663
66809
39009
159087
71120
41729
21838
169289
140629
135842
147416
58885
166904
136938
105833
117677
118457
70081
41134
119539
170479
3582
33457
110897
128253
85964
78444
49412
70699
38563
107694
109562
165641
106776
92154
84284
4629
39168
149597
35061
74934
117387
78314
31953
70138
88699
89117
134948
130411
158522
111004
22406
137040
159267
77989
53769
5942
148533
87317
59608
86381
127911
72837
16879
97009
26382
95838
6399
107579
45926
116066
105952
131058
67696
80680
167442
95893
33469
112399
57218
64495
48008
45928
169766
71551
65525
51419
4713
111325
164318
93870
53873
33512
40623
132272
103792
137871
1276
133004
75710
53743
155043
122924
158802
15961
119398
135866
126828
144929
76581
155777
62846
159471
88923
17451
93896
13622
132489
77685
10671
137885
9426
45245
53741
132282
130240
86946
34717
149744
51997
103773
40701
16730
43522
146052
27016
122038
22791
19754
74968
146316
92597
167454
167151
139777
44719
73091
19386
137554
116209
20486
142698
108674
75052
125118
147780
83443
136202
21656
12198
101736
127742
158173
11898
134997
88088
72393
40122
101533
123201
139848
59049
140632
21071
42902
102453
110447
154920
107889
85887
53597
108693
114580
75176
104423
146033
68494
118107
160494
139293
116094
74451
84285
105197
123065
94114
56656
82937
52957
19164
61199
119016
35884
107773
21793
144991
163770
73520
125480
6751
58176
151450
94613
11721
112761
158626
104149
85951
5189
67270
75051
14857
106542
90669
74693
136268
158226
134200
4807
147005
151178
1370
131011
60856
73911
40335
159485
59654
12066
63908
120173
83351
150036
26628
16713
58891
15890
90673
88917
123230
8481
100165
44957
38135
31162
96901
87162
118179
19603
157491
156313
166071
77347
21436
44927
149812
71707
101137
102800
56251
61049
119871
125269
74626
145336
92643
149677
102327
147370
135005
54080
112039
111770
146891
11153
75137
132965
62875
118530
143955
119633
122820
44709
49471
3896
164315
143345
91848
98012
66923
138635
101017
156603
154538
103555
118052
122487
169679
75070
62210
123001
67588
148266
150055
52843
119964
166430
59746
164531
37027
48122
171138
146333
74636
63941
4296
90068
26092
36427
132914
137423
38348
4586
145973
20628
119364
111284
36927
54291
40011
125952
88011
1948
35629
135264
32608
84055
168850
156696
158990
68159
24621
6531
164367
161873
166914
60503
83405
49196
77132
138130
44725
111866
77191
12680
133505
122849
8555
49312
100843
131995
34560
9090
131565
56157
114359
132428
155110
152372
164389
159049
164361
120134
118327
100453
92315
169153
105543
76993
164432
163520
71386
60649
128524
33476
113339
164726
128619
106887
167400
161251
155962
100136
143394
165831
36638
63604
138343
37216
151197
10412
16687
38844
61342
145377
104557
9925
146279
75913
155970
75787
82585
5929
75792
122524
157140
159221
97555
64401
85669
136867
71270
102756
11092
129565
91539
48275
81351
47150
154102
122572
37993
129047
87379
3031
118112
115440
137701
75942
67457
61739
154080
44563
130148
160490
87947
105656
74462
149369
75905
102023
61362
134091
83710
34141
21246
18813
103683
109197
19479
107793
106541
70058
122352
125842
16235
20635
136144
157294
143782
122713
156839
92318
13657
4856
153222
87090
83362
115229
37586
46440
164674
108589
170725
168985
61390
125493
151049
112955
107794
32874
108003
138440
56213
130253
142648
152785
106076
10663
107795
145555
37519
164752
105170
112754
61527
152927
127848
54126
75808
163414
132655
42778
67286
56137
115255
34457
2065
98728
154814
68493
116962
1804
79237
59504
104525
103779
116000
61140
20326
46576
159335
47641
89160
142193
28073
89567
129167
113191
12041
47063
101811
104065
136211
39183
144174
8273
136198
34273
86225
148249
161369
137541
64485
107702
101019
135255
9079
22000
144615
94563
2343
35035
23992
31972
130691
124207
74139
23564
125867
139669
80109
52379
147824
165528
97561
144342
84462
86932
86240
160446
139437
30607
165390
57135
134221
28493
85456
23952
85026
72873
4467
112852
6412
164997
166908
141687
146334
125527
148312
53139
122343
164010
102748
117700
111569
160315
35880
93540
63120
19766
41723
41469
75219
24917
143259
164855
78291
166830
28414
135439
76353
47111
151007
152533
56011
71076
92650
57137
171201
86433
8336
2617
135145
54201
139701
71246
12195
19755
127745
170037
53882
147265
50523
131462
119722
164117
10178
148722
161441
12302
132228
159210
127585
137732
86238
11136
150937
63094
165428
43445
36682
88364
10166
37274
150334
118650
89536
27152
127584
85267
10568
117190
132652
119459
35795
37041
44606
47909
102426
160505
97166
27316
5090
19824
88976
55776
107488
136580
118705
35754
166706
6994
68112
91461
127031
123807
5215
157127
53125
8349
62469
42638
135473
145859
70367
57775
65478
111748
112069
127577
164357
139015
60860
93630
166790
105726
161154
20231
99165
130444
71218
144349
104446
68697
51011
129436
129805
103621
112118
163107
117545
125866
34246
25449
43922
117048
63414
168869
102267
138352
53208
72591
20011
14820
78150
130279
114019
74566
128729
154702
67855
94676
54503
27810
4724
139663
83346
154935
48506
50953
141457
81397
9042
9840
146826
146295
124928
14849
66535
125540
43746
129881
49819
134321
164344
105950
60634
142795
14278
2618
120346
74138
166058
46297
146587
120799
50123
50084
53188
166660
123537
147493
121758
146666
76667
129348
156698
122589
13451
57068
12397
100960
76496
50536
76712
151413
46081
75088
23856
106853
91843
140487
163812
90907
116537
143384
156388
166828
82612
122085
141659
129155
49191
37982
159967
35429
151852
140547
137847
53298
151905
21703
152313
159969
68087
165504
97328
92384
118341
117946
153742
133
95000
34036
6701
123650
155705
60339
147387
78491
118438
115691
138339
93788
104918
47464
161186
103718
144282
11668
123451
28757
12687
154058
12103
71770
49506
60846
38683
164869
133145
85407
148794
164381
109801
96550
85396
106245
170164
152261
64793
21906
96317
156700
157441
147922
110481
154332
16889
157252
108303
154751
135794
88607
135618
116167
160815
135867
32491
46353
116637
124325
44125
24295
11675
26659
36423
80110
126537
36634
105281
16761
69795
160612
147877
23383
83998
135779
100970
11509
41330
105091
20658
76801
84710
141547
148995
95334
150065
16436
152047
52388
110537
150690
5285
55889
61277
105507
85168
88039
61659
106943
105508
96612
16917
124646
10850
98045
25870
4822
152839
118200
64867
161341
126703
170660
49621
140957
9057
106027
77029
5238
99980
83450
41971
121680
28142
148812
138509
21437
20383
22131
51848
58197
87
130100
94022
62098
31173
100213
170219
101310
2299
18130
78106
122452
86872
143721
141010
51265
4095
171061
70134
38570
143795
14104
67391
10747
137808
61774
144926
60995
166931
163161
153741
19670
118148
137679
504
160818
19647
98449
77116
144642
163470
130113
124643
159641
75307
163738
165184
111046
131280
47259
131924
150407
90274
112408
44793
56188
30210
121656
77546
61047
25616
98542
33833
15871
20597
19397
113095
9812
113960
58876
41817
35331
23094
137467
86794
33447
147617
63095
149807
165170
158090
123334
100986
63361
4049
163276
63622
45130
40691
59053
166173
73223
69144
61549
4889
170287
149750
63633
85255
38654
111329
158089
29455
54888
168239
38441
96735
5050
64398
127131
132461
129199
110709
17256
147787
130854
26191
93786
61232
116800
123519
137018
71254
136272
165881
139051
109000
52684
129238
71509
120108
33402
19904
140450
127534
137427
19788
82395
68444
1235
66324
65467
38548
157644
157580
141260
40690
136784
86387
153348
90298
15146
95730
41800
18664
75890
96524
12620
13696
127909
118887
160537
56733
170032
166943
103518
98044
118954
143083
9035
46645
16948
133109
9104
130170
8210
65342
8389
32330
149823
10005
160544
16735
111073
1793
84809
30092
132522
103709
16729
109953
74685
7833
130062
56045
35946
28974
47513
34037
121852
96311
95546
61077
144816
105586
77598
157470
25448
22232
142976
41830
155759
100375
62990
105009
163545
56972
68599
29172
119097
106937
156092
161326
89385
168057
24872
138299
90947
127205
111299
38909
67221
147508
150475
131377
26205
111769
156409
98134
80309
62734
136457
91889
144389
146893
102865
23980
136131
147854
155789
124900
14600
156297
106409
130269
4931
77384
21737
44823
78853
94292
88748
38492
7320
161346
142531
42268
126731
151465
64380
21090
26352
15815
157898
1368
85043
46884
5601
72841
141086
158680
21184
64997
37573
156467
118216
155659
92918
92743
33119
166681
47994
146641
100301
142485
135913
133723
111303
113277
65028
41828
135752
18704
165493
133060
72786
99601
118976
6212
58113
1787
44999
71901
61456
8471
148983
78817
125647
75346
19314
52965
57186
146834
159293
51821
21943
76593
40840
20515
131997
100092
34650
87523
162905
10192
25167
49825
11808
154813
9864
44717
84586
89345
62476
55668
122359
67180
30170
304
110306
77457
93843
4295
111529
151721
143120
87623
1444
120753
133921
63862
124690
128839
59906
24231
150798
38882
15273
54095
158428
167733
58246
102254
515
120513
159845
38729
113186
116511
49027
142253
140126
146382
135745
141902
85360
66331
28352
98081
31212
5554
108722
90269
94792
26004
67387
61160
80983
32811
82729
141020
166059
88480
116504
75777
62970
121164
73086
118218
92366
43772
115438
154576
24194
7761
42647
96561
117553
170716
170740
167791
165784
115732
56006
77596
129567
153549
76817
145407
91209
169560
127216
103520
9692
154855
5753
100805
106874
7154
88040
146386
92052
34397
101879
9376
37851
53228
151720
33437
125991
102409
15035
79811
171118
145901
147238
64096
1739
76518
45902
86982
4953
139618
45799
157791
20962
3359
75080
56682
157419
24791
138717
105724
23112
46439
55496
160551
42355
138575
99640
44678
63147
96327
47632
121783
89427
141460
126208
135081
165121
146369
13044
85077
15503
53916
104377
28377
146669
67934
58031
38343
126594
103708
77426
100808
32250
43979
125004
2913
71556
132619
47035
74054
52487
43145
16994
119878
115779
153744
162519
130816
130640
41462
141545
122961
140123
149418
158289
80188
141327
126482
77341
113318
5412
27114
69966
116463
141274
72932
30309
120474
42904
15925
139272
122212
112215
13914
95465
124334
160560
34279
107144
98873
60382
151727
46891
102535
38943
128914
6830
100074
11790
128216
9799
64304
109947
9877
122391
75165
113576
76928
79494
66235
26793
116928
25253
40917
106876
113346
143869
46107
161225
15430
38689
157343
142787
71758
70428
75132
56063
84786
32029
132184
138641
120397
118592
150020
72002
163910
127052
35256
89430
32733
146832
64746
40784
152461
64800
126547
98750
47131
30247
124701
118225
71688
124259
95716
149355
55640
136187
167241
145356
14489
96177
115674
3449
144256
112599
46327
47680
145447
110686
27922
146125
36982
161884
51753
150163
22094
87007
140010
170217
48955
138283
74714
169847
150300
168010
69636
114165
127753
60192
16276
159850
69888
97690
44924
111844
133828
47261
57711
120687
27890
114867
77806
125923
155894
118770
6287
135022
101808
126505
8
102348
29132
91748
146584
8621
88711
135463
162633
120525
1887
154389
69789
143092
94713
84619
40437
142169
54366
133257
95534
144108
108465
112144
10615
142091
32119
164664
50171
96271
151001
101965
13294
130474
62069
32849
116266
134427
46509
51502
9234
19088
144927
30619
88543
136811
76874
102417
6554
250
76848
90023
90371
125026
162604
106146
34816
153562
46524
124967
71273
87880
107598
84184
19433
100978
8205
67132
106946
166403
101704
130674
157438
118962
131784
9729
41880
79858
54004
87584
30267
25574
76980
96712
32594
71753
144268
130087
155835
3642
50527
120182
52713
100137
78502
134809
96195
121100
33827
94720
155538
144621
129473
17420
144756
109684
106916
142008
76030
165099
131584
34093
24129
126538
5006
20793
145226
60517
57369
147463
158025
159084
27950
133928
63706
61736
145372
42551
154482
61661
129286
132985
32692
54332
85226
4584
14365
4196
165273
6728
78559
41825
72468
140516
71537
116100
45386
52875
117269
42226
68486
3334
45892
93490
80721
38912
155831
102330
122200
117600
165732
31442
47614
78755
33892
78304
166990
44863
133544
89062
7853
95705
93047
91142
78305
123388
10772
110600
93419
71259
79057
115480
50015
2332
38300
169361
32267
72560
119953
118186
66930
148964
38913
16426
39576
61606
93771
40040
38578
126325
101920
130362
78750
60613
102419
19656
135008
117425
84283
99213
2304
93664
1913
98469
47726
139225
106587
59535
22666
18644
24629
79127
7322
48543
137546
120719
161600
38793
32644
122191
156625
6371
32848
168323
71720
43849
166685
140307
74560
145602
57395
158247
18681
101266
105297
111774
156038
145168
151773
35969
15138
4044
140247
104042
131932
21106
116508
147283
57221
61858
142258
101596
2577
107994
6042
92377
116884
162777
40678
111995
145743
80645
42916
63612
125565
28472
95535
129810
84853
75751
131410
95953
17400
168201
162546
71231
50604
120518
137912
21726
19695
129282
151692
693
111281
106215
54436
124365
17294
109372
33117
154158
22065
151785
46763
113504
52463
146146
31704
32830
103053
18372
76938
106219
20630
152259
96319
77563
17109
40080
61738
10500
17286
102501
6091
126824
117885
108395
165140
161226
52651
28072
8942
67100
83410
108350
13618
136848
112343
36862
75851
38642
25682
14478
143888
170524
91840
67835
84277
59869
109561
58646
87203
10286
80514
33236
146241
63077
136349
148310
31393
53878
61618
163053
162689
153496
41153
97121
14
56617
71771
135392
16476
61772
27102
91110
150782
44932
159419
137206
127965
23183
127230
128014
72015
150544
146844
170407
26379
52430
153896
19244
117095
113571
54973
6345
124472
47352
146631
21142
85338
160141
138210
24618
84016
43613
145796
15242
102283
47136
84918
39844
158805
45953
40303
87154
135388
154617
43895
130456
128632
131324
48079
134595
142121
17567
15408
82677
106130
17517
106695
129434
128685
78844
160447
110199
155005
71991
122854
31761
128428
5598
84117
23185
75069
77431
145878
105655
167822
41315
127869
151174
17895
11943
13860
40336
74433
142112
133798
133612
170525
129435
96632
11396
84808
85011
114239
121719
139389
166033
31674
128690
50534
54224
89667
36890
141489
156244
125809
154260
92210
2010
75756
15808
134805
12070
144868
73330
116385
97226
90138
93322
63088
134155
103596
78628
42944
157939
96118
111897
46795
111309
155505
119221
140933
92039
134782
113295
32083
158022
11249
69037
42275
151378
108692
125256
87168
127349
4590
55868
163460
85477
97341
78714
56775
134268
42223
10247
16676
150627
30766
39976
92904
84247
39291
133886
87206
155188
29049
82790
52507
56186
77287
55652
55096
8241
78118
29298
82970
159411
148713
89783
34581
14189
44692
32422
108649
108810
41831
16837
142563
45108
169873
140455
126736
3646
132149
63203
61472
111823
99684
116782
126895
24738
84302
33954
90077
130572
58529
91846
140909
84204
168619
64645
62172
70689
1055
77388
136600
88715
99273
25579
35725
17336
21100
56930
78061
23991
25424
127998
85106
67328
137814
125849
35314
165790
128276
124720
54348
80643
44835
58243
50143
47789
132009
142188
86494
16953
103595
140122
20406
143400
89665
166463
21289
76907
48028
166976
106484
125893
147314
86013
165432
112340
19902
97552
84917
61784
17994
100134
39627
142272
93194
146780
30376
83577
109155
150546
83715
76793
12537
7477
20545
67670
32700
123024
53370
90913
53080
165643
155357
8084
169667
67889
127770
156857
49326
8246
112058
15404
136846
64088
69624
26658
169978
46532
18966
41847
125422
31978
136344
17724
19208
148501
140601
27200
141945
60144
136274
46950
85466
107358
92239
79095
150799
117253
3429
47227
144269
170167
170534
40854
71807
13915
146411
73850
29060
14628
130680
146440
39566
104018
157605
126700
63331
4213
133632
126615
87320
145980
66634
141334
137696
135224
56166
87565
144206
119401
24301
82451
153283
46907
126613
35751
16512
6714
39234
116856
99023
43893
99831
139812
67276
28137
139584
132207
106394
5761
97651
164661
31204
83414
124581
47739
126882
23697
107094
9216
167187
43805
71373
4377
19380
62120
158399
72858
84287
89555
78294
126984
70798
163151
77262
71088
86825
70184
83769
12683
157317
5780
17009
76969
123084
154736
11439
101968
123359
41911
19195
52089
133327
141649
18182
60681
39805
64524
68954
156077
166745
134938
156755
67198
34681
47633
31394
19301
160153
12080
22808
6848
159486
136722
159144
20918
147681
125255
71953
119852
71996
81416
43132
54207
30474
77611
56172
126374
21734
133055
16684
61841
170355
136095
58989
107735
138819
78706
120387
37700
4121
35166
132402
69545
88092
170940
53601
143319
25980
162436
1149
47279
82211
163195
62858
150375
104732
64474
98968
169629
102026
68273
158709
51495
99070
111845
104528
6560
69269
46096
50561
53900
82293
35766
10907
118575
24877
147906
154367
8071
34863
4397
132785
34347
22673
45360
47508
40273
27284
161408
102323
169163
102
27693
34035
52564
141094
144646
46008
146234
76929
129082
44295
11667
138632
50070
62930
112935
3624
40894
55032
23961
156562
96166
17406
54968
48643
54983
154038
126524
161328
145094
131125
110681
61234
22649
49120
127115
14637
63825
120010
69989
151903
127486
8202
145609
109331
92967
134638
86867
79342
6527
98467
8381
166744
67047
31688
47700
150526
126598
136009
11600
77630
112162
97896
84728
153608
112795
34655
1203
99299
70885
7946
43787
151159
76800
155075
102511
168241
62723
125701
52865
1897
152052
143008
108023
159296
133841
113364
97993
25864
19685
11152
148403
12077
157138
49795
152532
39472
126582
115100
166099
157137
70883
81608
53627
46134
149352
146088
132715
85741
71065
52555
24539
139409
27079
134481
113316
106777
169271
84862
10542
138421
145605
60891
84822
37351
71210
78521
142364
134770
70886
73367
156307
133781
164668
105727
6846
4122
12161
68737
8012
38869
68184
67633
57962
152069
95714
23020
83980
109001
91482
119991
77231
103082
131962
90310
159318
35714
142078
163204
105730
682
60935
146272
88541
108428
4691
106246
151265
159961
128485
17576
121373
86769
5038
89621
167278
108686
5406
146613
57484
103179
116155
132780
84026
153324
6822
76733
60150
37905
144164
125096
115788
144136
114930
88544
74449
6742
114703
82004
149806
91755
108612
36080
149777
86816
60700
87153
146895
159076
52221
76513
141294
96251
88321
99681
166423
82005
119596
163391
159153
69691
77112
24316
90914
66596
116036
141485
142712
85493
81400
39280
126372
139510
16268
139514
116145
81462
116055
42219
45394
116052
385
149264
116038
45429
116053
126207
116051
45339
135458
62852
3712
138392
158097
35079
37992
47766
93614
155584
84288
157702
170765
54121
101256
4407
23429
143160
118345
74759
3581
147544
11418
8153
151904
129225
125645
679
95481
130752
159757
21755
57417
162363
167006
22887
161279
57028
147161
127112
137938
11958
85266
22325
90034
119024
136792
99530
60650
21368
154594
123992
119471
82688
155965
1878
142642
7517
121098
59087
143498
137795
154012
161502
35957
71838
165446
37924
28338
20625
156410
60263
145814
44858
149276
165632
56701
140750
61603
126745
147078
130060
106741
122599
153767
118773
155588
127546
67389
88316
144650
137237
92108
129395
84812
31679
133748
78813
15236
45255
115265
160154
38885
130217
134722
124692
119425
157537
76191
51
166412
70557
92241
169682
121107
157170
132889
29475
55264
21113
41923
115581
14570
104163
41717
33381
67977
114875
158726
123663
85478
139324
93231
100979
124096
13140
67488
129686
105241
156685
131109
72522
168012
148641
3905
171003
85378
25512
3587
29525
19478
145257
132242
670
149827
43684
159964
35352
99599
144647
91890
112692
4694
62436
24488
8104
58084
9958
157342
117273
89617
156988
4625
165361
27688
60337
141840
92442
134781
9904
144355
69756
151132
145041
164077
114792
146925
167750
59685
151758
79867
73424
90354
20748
66919
93709
155605
48607
161253
149735
16292
98474
157521
51373
125111
139360
2502
72954
4938
155805
140873
60012
107739
35217
126173
165703
35671
84851
38908
164167
14649
1014
41141
21528
163092
61059
95769
120806
133344
128349
64435
106470
156670
63354
115795
108762
156697
132199
88916
21882
125394
80647
92194
130751
34881
108999
19273
38717
145575
72785
92483
169006
97092
28144
86942
51748
21156
143712
166802
54974
7515
102322
46853
6532
63995
71110
170608
52641
131552
111177
114074
74322
77803
88584
6768
165979
23186
21158
136880
161861
153704
5291
163686
109499
126036
40063
96528
149998
160595
110403
167152
98067
55254
20546
140293
159474
133605
134689
128938
125081
21406
142922
57350
120016
114578
140561
147390
36633
55379
68401
140650
45746
99145
107327
89505
2813
92902
146022
30272
79618
114051
123943
70014
36606
52203
83689
32603
131009
96222
122486
125169
64852
160548
74000
146010
118738
124042
166519
74267
61240
35644
138354
4193
131588
106211
168261
136450
112635
40276
110613
102548
155265
71721
76007
168272
63765
27246
55337
5615
114013
102029
123825
27633
137540
149567
54371
63011
48116
101429
60778
141465
46920
52643
154049
150710
138895
79508
124302
17433
46400
68043
69289
151044
85183
157452
71096
144319
73712
119779
55952
145965
154386
101395
136500
154161
53213
123231
122432
1886
94547
136185
147108
20145
163901
135141
93588
101983
130167
166885
164048
115177
126147
34071
153236
82659
22848
134281
12416
156057
83936
151000
43554
50754
95271
54075
146737
130116
18156
166289
127456
129166
138656
166013
18592
3393
134921
66234
72836
161355
4429
84542
60335
159811
137416
105137
91637
35416
145189
59443
98902
57194
93186
59075
57356
109832
140355
166757
53960
147150
98988
154213
28941
139670
70017
80709
86278
126591
65354
123220
37589
19333
141265
34673
115871
75314
147777
109105
107523
165599
59965
118208
124575
18236
157777
170462
156838
125847
15315
32538
69638
86383
65010
40438
28322
150639
167531
142006
10429
50535
111100
122069
48479
77401
103192
38662
7633
83941
129895
94735
142840
92034
73368
86003
154201
165911
3836
161510
116744
141986
159796
65889
50054
59922
60874
68901
86617
126000
104025
97014
131275
118096
109558
140604
4930
18807
81104
20188
54746
19163
145599
67593
107537
119403
139110
38894
159195
76008
121734
35936
35353
41906
128111
11186
151615
74616
62838
75829
26091
148262
3824
160361
32693
124165
87727
60162
38703
80389
128784
127069
66762
119769
44874
54900
5679
169937
126510
19364
170739
71283
90517
111526
34343
107380
166382
163680
59621
98452
105802
31084
143771
129778
163924
26544
136767
90372
54292
81155
100069
1725
85452
136723
121936
31620
145692
85323
100600
136305
156376
147004
27404
124510
82477
125302
147879
45785
83437
141572
112946
16836
109595
11750
27007
81619
164497
126997
153047
155146
95139
120725
144769
12148
144430
44732
67777
12449
3142
16021
12957
85873
112981
69625
73319
105653
162865
60647
107324
161246
41809
67246
73600
143916
2517
75249
143647
35080
35516
36840
80235
148213
85017
34372
80088
167751
129541
104033
135010
126384
112352
47132
35165
118461
51587
75084
62268
100043
15437
119875
8379
72575
19937
43843
111107
61750
67629
165711
48777
166063
90778
107417
153483
39674
40949
13746
98378
152474
132645
107167
144612
106046
52220
96158
83923
54735
50245
31545
153033
165879
90690
91961
51808
162415
55356
78010
83687
39013
62468
153592
1460
125110
117268
49495
76984
163057
54208
111232
150831
61663
157882
118792
7713
51025
33989
164989
149483
157439
13258
102414
68875
125195
138715
93311
160942
104632
120534
105107
116846
65763
119898
39596
13373
88027
113241
154363
99226
158021
102836
9849
8428
83415
74352
159568
72338
78282
145291
91664
161494
4980
134256
133903
83788
122421
126833
97015
140790
110955
90577
116048
83083
80886
91863
88016
123378
19313
70280
103813
101523
22796
137781
62713
162155
58440
166119
158798
64210
143265
141677
164861
120029
120425
166114
159263
56651
48358
8208
119246
152554
2087
114233
798
44267
9419
122177
113440
65670
118312
135151
65685
139916
14920
3445
133042
114861
152606
145862
58686
117456
149989
87641
83512
77215
77460
96214
165873
59730
58101
131683
163773
62917
78800
149661
5324
34550
138884
52760
65224
79842
49652
74098
123265
167759
149660
111194
4730
143524
76400
57330
20234
25111
123613
43022
20849
9428
1893
121254
69722
14290
69000
149665
140398
125760
123747
131673
123631
40331
145782
71958
28267
93821
11133
143685
107632
39470
119768
48706
141466
146899
74019
116952
65710
46219
57681
107788
152409
104442
127045
58040
159968
13256
116870
61170
164993
74448
155007
153593
22324
118898
97044
49817
119437
134861
116951
88982
94037
74095
166065
71724
65520
9367
14456
34868
129460
166196
149585
20653
119348
125285
1007
60800
161353
166214
154481
152861
123662
111252
128998
64554
123727
125542
22438
27821
1529
107796
108497
40370
107996
104733
91506
102677
74913
147796
80326
143391
75334
12559
68202
15766
126383
88062
13029
101632
89666
152157
41819
106820
142153
138524
136622
162314
134087
160170
102184
119450
119671
109354
158068
3721
91030
63353
56964
166363
116818
103200
29392
20245
90715
130458
89092
158862
120052
47107
139954
126962
15660
49455
119474
19828
126750
39243
154856
76487
151788
85636
160939
146009
85397
41873
156844
105159
112929
149765
155139
55989
137898
147712
37222
60653
163952
103252
75598
89432
108679
138402
142113
164818
114811
98805
54083
159152
40805
23015
162459
112731
144375
143863
10264
113177
72449
86236
81609
85295
132103
139041
156044
108291
140313
81117
126390
166309
119540
161305
11832
155282
155618
131432
86237
155339
22568
66843
15858
136749
10811
118192
7062
72772
89005
138009
99135
102436
32877
68187
71717
12450
140033
169799
29274
113319
68229
162906
155967
148254
94222
64854
68813
34168
516
10997
21913
57242
108140
2861
26700
74925
146258
81494
130937
80012
149430
64863
166635
94697
155877
38795
63362
92448
56912
108644
104048
39123
125180
136898
60570
152811
29822
80872
3757
10889
159574
77397
56131
167604
165208
144305
88184
122850
159371
127481
119449
84386
145853
147746
161142
166664
137303
112921
48314
472
31087
134373
17094
56646
166849
77568
29151
143037
12501
88863
38268
171175
75418
163943
134946
99967
39329
4919
159307
158882
98386
11619
59124
63102
16798
75936
89336
8014
31973
44470
145051
112767
8266
127256
96416
110637
59026
72403
145984
55158
23304
98703
100735
106950
25801
144113
10088
49263
121592
76979
150999
98009
167189
28842
139170
132028
165224
125280
135292
91756
19409
50085
77936
56097
135741
122411
19597
141909
58871
118226
13315
138969
138083
138393
28451
120149
148009
135889
145619
136540
52802
120103
127257
167665
40013
24489
39289
164998
96463
1565
8204
99029
5212
22403
3589
140421
55991
9672
126532
45393
136684
83262
2837
132186
94279
113373
158037
121535
98989
86254
90091
131367
163828
143762
32587
116099
155314
11993
60741
112208
71225
35089
63770
97306
24734
68067
93422
48041
91450
113746
141455
122482
105075
12391
74528
112085
130818
126309
87550
34843
56779
166283
99932
149492
150405
87351
110682
43046
74680
123343
124920
67394
131521
49661
143491
19185
108837
51621
98164
57413
35232
114034
19980
32073
148381
97683
105697
12508
29459
141750
57754
24640
114407
64652
19300
122687
149226
56635
130590
165642
159010
147512
124407
70300
81670
74890
40239
32706
165233
125451
13868
121370
159130
162977
38960
135119
92260
64716
38341
67608
144791
104408
139453
138257
98073
6739
64464
137574
86833
69644
69196
52849
89415
7251
118658
15088
140040
125409
50426
89195
19589
128971
16982
84201
123678
169627
81518
166613
122166
133026
57747
53291
116738
151139
121644
28286
112847
49228
150845
97441
68160
133736
87102
76701
100123
170046
163511
142956
27696
150938
103270
158580
26198
159505
6552
11867
148962
73069
18743
8209
24581
133649
154254
87028
135647
8244
74413
71495
5317
49735
110832
10499
65944
57956
38527
149140
125848
138941
106952
136667
73938
20211
114889
52623
139666
83291
9442
20411
134054
43764
169753
133525
101142
57478
105213
122724
162980
145797
93871
132364
23416
69910
89549
38392
41559
52572
138406
104734
18866
62651
121669
50970
127860
96729
136466
39409
81620
130090
13992
101906
148572
68216
118975
98717
106974
151659
49552
46276
19932
92576
144554
38577
71759
44269
147006
163326
147222
83152
37699
70264
144594
52040
98979
9430
151927
105005
150371
1953
115519
7593
127318
159720
132270
103710
87503
95839
41965
75513
107506
71104
147769
13345
53285
169256
8415
138622
132795
128495
83253
136515
147757
143709
111035
38093
32862
37560
44341
40114
119784
166212
41784
67490
15263
60670
18371
100109
53768
107769
42674
161488
105117
134537
113443
56075
149015
141790
12039
28950
96441
22621
160987
119444
84063
168148
102342
140076
85578
117005
67355
50479
64180
102919
21363
79225
36445
48774
22948
39253
35
153907
83976
128348
142759
51896
116071
19542
56760
158172
132939
103193
169848
37122
109270
73225
11929
140465
87957
82444
47128
117231
34317
86664
123335
69747
123307
34975
64223
143108
23891
150461
38571
35804
108516
133420
151289
160806
152059
3126
74505
36603
160001
140195
159808
78640
103155
8046
136992
103199
114464
105210
130486
166467
55244
121788
38290
28921
1981
25522
165649
63068
167403
106835
140107
160971
146123
116047
6553
90864
98034
119190
149736
57027
64234
114234
35179
33933
119801
44244
59735
143029
7607
69788
146747
142882
75921
125941
86685
45546
46712
138652
151501
125690
47296
27096
34018
140687
65027
78302
129725
112613
50987
168629
113284
125359
155175
137776
146887
3662
76509
55866
162735
42031
151288
76387
146049
22832
169575
153351
72973
157107
62841
37184
155881
163894
9335
18145
93730
21379
112520
60083
4566
132467
19752
166061
129746
19743
9633
139331
64541
47488
75269
88462
42182
10112
142935
77488
105838
106247
71418
113994
142128
88815
111621
13308
54058
110850
21382
154772
86741
3958
124247
112942
4849
120473
97682
55425
14115
16789
20014
101033
5928
39728
52372
58663
147306
64097
72664
55830
146037
32721
113243
157037
105572
24318
141842
102238
85849
149798
2582
80986
60336
25555
133311
83390
6867
106034
39490
68221
47025
128115
44668
115639
141791
149229
31675
63348
133205
17170
133078
138443
110740
2359
99499
119963
158598
145546
93162
133430
82533
64367
132902
46851
105365
102257
53267
124486
70611
28502
9048
64975
55895
71681
106538
67388
92588
157976
163102
36949
16562
105514
129636
113072
20315
85762
54013
129112
149428
147167
144199
123940
111295
138362
26806
53993
131439
116314
3915
18327
128422
9593
59480
18183
121628
136862
37812
147289
7287
66360
83625
6250
102815
35228
82223
164877
34015
39099
144741
10553
87001
32865
163570
61310
156889
151984
83924
4032
119672
171112
106827
84278
137495
109951
111279
22107
90865
111239
20875
111011
149946
93351
145255
141049
151144
47894
95771
68203
156303
136798
26001
77619
160392
122312
87955
95631
37349
49876
95300
155475
100064
19645
11163
152014
27443
107395
146043
134758
40693
18166
159317
136186
28328
41907
136739
145213
116387
151382
24015
45727
109566
89784
147484
51035
21462
72339
165912
164214
50766
41536
43047
26070
134172
147072
49818
119081
132233
72737
126324
133177
53078
122215
12928
158660
25707
158197
169086
52134
96871
82431
37108
61007
117210
129298
170017
23809
6251
144303
18010
69712
45205
130285
11085
63823
170093
39593
170901
27636
72897
61301
36585
148714
162357
27220
27651
125247
73937
11702
143500
162549
16491
54283
97350
165753
129146
126911
6663
148284
139492
134620
138146
16891
42882
119701
138797
124557
95636
145334
149139
32928
118989
89414
77562
119638
40505
25789
164656
63804
94548
109330
163626
25447
145676
126945
57485
139400
115365
139763
18056
62626
80869
799
81346
123208
2664
54538
133053
92433
2841
127769
56056
156637
152042
157837
4455
1284
130506
151151
170172
22120
153090
148416
137564
86996
71562
32385
120408
46214
114222
45340
79516
171045
143642
156043
143668
15385
84764
56748
32050
146142
103699
46727
165217
159815
168756
113359
76935
123543
130127
88756
53446
61941
70609
145583
101602
157635
170129
106994
63180
156837
3439
22279
126357
27126
37054
135338
94956
138415
88786
89952
2726
24208
128429
29958
136537
34268
146343
9365
167803
86826
127479
4840
130696
118318
21154
101713
115128
170835
120447
19786
36456
119940
76117
163219
19946
135538
84783
46961
87759
125490
111448
112953
8238
148391
109999
45164
35768
147833
94747
151457
48355
124912
21625
140091
156951
93740
33959
86934
17039
73364
38222
51583
64430
151503
34390
148963
146283
68480
61869
19604
117870
154040
160565
991
26010
35197
108494
115434
16441
49845
4188
152084
100803
112928
92064
86382
130019
124530
70527
57158
165136
60041
140085
136570
140919
2800
125544
490
111288
69984
47039
106551
120903
29138
95045
133588
109424
8768
96456
121785
154126
50566
12474
11602
26009
100315
152792
159932
350
138499
44238
32090
122182
136842
96354
145311
125413
105559
2825
135806
132464
488
47867
54136
155109
162719
134356
92378
5193
134810
166693
102793
54101
86389
14130
71338
148264
163758
51040
164810
76912
148330
123350
36060
38870
167683
160497
4430
129639
48409
143474
76493
126214
126856
114272
140961
81345
149325
45126
116921
159409
121790
25613
150705
79234
50834
21093
147058
127743
152054
148233
137008
165629
26549
42332
101452
108028
22299
136877
8091
89816
22234
6486
48941
114891
165631
47776
45656
114535
84899
162457
26083
145426
55706
15050
137045
68020
164522
38455
33990
126908
47734
108526
43697
5210
127327
45650
73101
152046
40875
89815
55678
72528
155587
20568
11853
47674
151380
19961
89327
68786
127678
62488
66452
158791
148384
166111
44073
165972
143358
82719
85036
69616
134187
145250
125608
90525
125973
11545
168117
57678
142896
145917
147102
166039
157530
91223
128552
166250
18834
168260
9089
103205
105960
163159
149971
139800
61135
130943
67399
170431
105690
50912
109220
38379
127950
58893
115701
132673
163519
31963
11848
30404
58707
99977
75182
24524
108060
65357
77110
114579
141454
19782
9804
124459
166636
21341
134312
35055
97629
145604
13836
146271
62099
146815
132165
39060
9589
72512
133185
24068
47816
77471
165214
91660
142137
128553
119682
107942
73477
51520
97990
121398
113489
47897
22005
143695
32364
166216
125417
23536
109350
41080
93598
114377
34480
93390
42536
70111
151376
96673
45382
127464
160057
60833
41968
73713
64179
65135
5774
39096
17338
129305
159254
7730
36419
138103
73714
89270
115371
112102
128001
95064
43874
129937
12980
131946
41136
125825
134239
145762
118253
165262
68483
118486
155096
99683
134947
131767
143864
36223
142577
44736
26398
148260
133844
72088
116194
152267
16965
41348
67775
75797
130415
136456
130447
16087
89572
54052
55876
120106
164238
16685
109571
44636
136909
1448
16855
94505
3114
134996
142160
91477
17665
19312
126334
13630
16689
85244
7280
168144
113472
148472
139446
23559
130426
72090
119955
44268
98065
123215
149450
149114
142410
21062
148918
34266
105166
40343
135148
126695
135739
149113
143686
34864
19132
18150
8351
16678
116715
85101
157354
24993
82251
129351
138389
132758
113313
150159
78279
141285
106630
25954
2041
131243
124446
140029
102890
133436
57476
112296
56502
149978
165089
80595
91358
52265
129169
48758
139811
69191
140494
33496
167453
72967
143730
149200
104579
25992
106759
141603
148618
6172
90997
10648
125253
40867
15771
147638
138990
141827
25540
13499
124933
50557
131103
163969
116474
91761
88087
129384
67610
152722
973
85122
34389
161585
139948
78796
25799
31171
16319
39098
115558
168227
4539
8781
16324
44878
46679
101926
38638
126321
87642
131307
26657
77683
105885
82002
152501
68591
162094
72999
44685
29751
107134
35386
165285
112336
7329
89405
74035
158014
65556
13012
94272
126759
74889
80190
116020
119957
111768
131816
21185
61
29176
109078
40592
22849
111796
130382
151268
74106
95691
133704
38224
81866
90579
40394
125183
114307
116581
157404
29986
167467
44611
122912
84280
39351
55062
49273
25304
68145
114451
27323
93173
35459
65362
143954
21186
136477
141856
92423
81938
146082
106511
64250
72763
112036
111040
129836
116085
88248
26192
155917
8820
166434
114519
98382
25428
54045
130996
100000
156186
155590
141449
99969
32699
153078
15024
112034
42629
63057
38502
153953
86902
59019
105842
91042
102358
162856
141692
142631
11864
98471
49548
130067
132761
141448
91368
89433
95706
141440
60544
66453
139515
149763
21959
64465
146661
136170
165559
105827
122604
99489
79291
11799
52034
14629
92866
115631
130077
144436
121446
62441
142553
73700
138148
99687
70717
113449
142551
18069
83942
94731
146031
151372
5513
38440
72007
148715
97688
161400
40956
6995
142938
76927
129828
145254
148880
130685
149297
12423
77105
112389
707
9233
20641
44201
4340
86112
123750
47938
140312
57666
54028
120506
86273
145346
74508
154512
85237
98584
142159
137032
14496
62902
160202
157304
156913
167920
132146
101004
34398
132000
133306
65461
92529
13166
139668
78984
119567
134755
42056
157305
39222
54250
71247
163873
86620
49124
166932
100962
16280
63812
62192
121035
5606
25998
38864
150102
107103
153971
142151
89821
91183
104383
166658
150917
155012
69731
68201
47158
9773
67590
68065
126684
14439
126371
77005
1037
112335
108503
141581
16455
130048
146159
99600
145140
43923
110178
142917
156419
77547
10717
64974
64976
39562
164053
74735
114087
89948
8429
64862
99926
9545
35767
165887
78109
132859
114536
83815
85618
64794
75925
28478
52496
62932
32589
60189
67466
5602
147276
142885
72364
14838
12829
121937
39257
93643
114467
84029
144406
79484
87600
9053
89900
38721
56431
7012
41922
123866
2402
9462
164237
154880
9088
56838
48316
71534
74478
69963
26726
73436
60081
38636
130591
152306
62753
138748
4967
85365
170904
72910
149207
60944
100057
146589
111286
166318
42668
167746
89650
142152
296
166772
71109
57979
170594
72479
135355
38677
116114
79059
150924
132275
107837
134400
104593
167623
164405
1278
70183
83950
63201
31824
157036
3422
119202
19605
149970
13910
55987
158177
85574
133695
106788
78016
171051
70379
148373
79000
56022
162510
9464
149916
35555
4347
53432
155651
152232
132176
135354
139575
127746
24850
4152
72201
83766
14124
9227
33186
71600
117293
26023
128486
62722
22
8914
63874
126347
16013
138089
157788
148879
38761
160573
23616
161729
51367
139579
83584
159156
134932
162533
134561
65765
151906
29616
119362
142236
62045
39317
64222
167984
133216
99179
159338
64521
169604
19264
113141
94845
134538
12500
92481
28516
89542
114293
133803
55400
46104
135565
137954
69874
112601
127673
12027
70749
161091
157410
90197
64365
31384
95105
170787
87643
45678
43765
31975
95137
129035
56051
132568
145043
110620
168406
141188
124177
14103
99018
3131
136689
109713
29083
155980
41798
75864
62704
143917
2088
98704
79488
125675
137780
157371
52444
156130
55437
112452
132643
60932
83350
145550
54053
45642
83348
151685
88163
36426
153135
110056
165238
132615
57343
57062
136790
157598
61946
43709
20676
50542
76695
1827
38312
82672
91487
123728
61604
145891
72318
164980
10597
139694
66900
141486
87164
50839
158747
7098
63452
46955
135527
10596
87831
92478
121950
19358
35749
156999
15055
116518
128194
60504
27300
160319
136759
143612
156427
41805
125543
39489
169411
111755
34203
166812
125193
35122
28094
3374
111306
34132
131603
91027
93600
107044
141030
30494
67395
141590
166783
101572
159998
165207
82465
85914
33648
3302
52871
34223
132578
161183
47901
61129
89642
93631
127771
145147
35560
126746
146313
47814
160326
116307
124044
108211
128595
2921
165719
36748
154008
53205
135023
75771
39857
120390
110336
135805
3071
170984
20256
51405
142174
147571
91479
76171
17683
159462
64586
119615
73301
60334
84279
3661
139058
117664
92172
23412
141632
31027
171062
170907
19850
3328
118584
68935
162079
124721
73855
145502
7483
122970
109810
24281
77550
125051
134426
124273
13098
32312
98978
167643
113456
135018
142486
50545
149706
16288
21096
125909
70799
82590
34853
98852
136162
89838
85791
31597
157913
160953
169443
109236
93988
63264
25163
65208
142411
126728
132008
62467
100499
96536
35750
170497
35148
47838
76981
139240
143051
135221
47194
56483
19694
98621
44722
52306
127037
123118
44282
26832
25184
9054
83982
6853
40137
125768
122620
41834
85630
129069
136330
60949
158066
76210
90661
75186
125117
147505
125513
118463
57180
76481
114518
144427
103786
142624
32345
105814
150774
154321
141399
151270
142239
111749
128876
75471
1799
83349
55656
99143
142650
144115
62989
139410
133767
148593
32539
79778
12903
70270
28320
148175
64297
74809
145227
148811
85703
123349
125899
33815
28147
18811
63356
49888
149792
34786
25307
28143
138473
47870
107147
16892
59753
161584
121917
113104
156906
112863
100021
62016
50820
67420
77512
40860
140634
56709
138768
32696
34305
43737
168809
92011
136748
161497
81487
43483
71782
31058
31727
166900
6736
53858
69416
115877
45165
85900
16332
119840
146794
99615
106866
156365
19901
9492
128625
60228
16458
50830
60657
136728
135872
142582
44374
67521
19245
147051
117149
21757
60635
159285
18835
111293
68451
24055
13956
122840
55643
170934
138658
138910
27262
66270
59805
12173
34898
62898
116069
96571
159644
35299
79507
139436
138911
163721
95098
82109
166144
94139
76559
126624
87786
139585
167622
77947
68512
150579
10529
165193
168209
93503
28280
144127
41121
120638
7876
82912
144681
108486
65014
35262
13705
140917
84027
33949
82770
87773
136333
102667
162381
17079
59597
10913
154861
98165
79008
66359
137719
17074
114347
92561
100707
19465
27273
100646
17049
100653
36221
71966
124647
5255
141812
162472
17046
3362
140127
97821
122345
17050
100742
2286
118694
145892
136719
136569
119819
99524
44195
1693
46717
84643
10770
100678
150724
63834
99219
144434
136149
163815
77787
20871
145897
47615
75957
133241
62440
133759
77659
91112
133336
36470
26910
23695
71435
49944
151425
105222
146155
43032
157941
58695
128930
19396
122325
21061
95234
87289
119813
144946
46018
41012
37110
129421
34794
140287
52376
68224
125885
74450
19680
123192
150350
113226
20627
12101
21479
163624
44892
57106
84894
85752
33458
145058
119808
44206
65977
71830
132304
138899
117579
125315
36639
15439
132462
113106
107120
96475
170814
38690
74406
48086
43734
142257
118437
134079
139661
58081
63262
109577
100026
143947
53292
88745
150731
29997
121941
62434
8353
40299
98225
142157
106893
129165
16585
41138
127614
88746
89623
132636
130659
51842
35912
122407
57963
112137
143725
92599
30370
144684
93417
130165
110763
147477
38361
91307
98575
9673
79219
139027
128488
166920
12775
13955
134614
155936
117223
68837
3546
59153
56787
87058
53229
23166
52116
13793
34624
16791
126323
86119
80267
96525
139587
38685
3953
49111
58135
167585
161744
117096
133806
112304
147190
88362
133564
129029
168905
66268
86894
33524
82429
66928
104104
88029
132940
35280
165196
142703
143654
86305
20778
150255
84663
71038
154801
139141
144234
33146
34271
150106
94732
160240
128962
70525
15052
163430
79426
108284
149858
3756
167927
168347
150985
71365
130252
140034
141148
140443
60449
44336
55777
22844
48927
107320
152862
129664
155979
134395
125751
11676
72884
141894
131347
136816
62890
139823
138175
126094
117237
111060
148195
107180
134795
35311
139891
111291
112365
31487
108543
33224
63370
123266
143949
7595
16943
163525
153986
7957
155918
25577
135798
95715
75873
89516
28335
111681
152150
92186
149212
157927
159728
86272
34701
156649
31518
149144
135926
47718
5075
43225
30212
164904
37572
57620
25841
5422
136695
156971
126530
36873
136840
19246
6581
41290
39015
41122
66933
70881
19369
140736
165199
4799
148806
89369
20199
68806
108632
116956
91367
9244
165765
120495
26798
19835
64996
126039
52812
88322
23418
116703
113436
8444
4522
149302
31926
44852
171152
147797
97294
3453
4738
61052
137908
70884
110628
158179
136307
157559
163720
102423
170491
39444
139345
12402
4607
52422
167450
76946
103282
129363
160609
125239
133907
125676
47521
140525
128872
55163
24107
112040
146548
33783
7254
52793
66839
53335
130804
111883
11973
155679
112155
34555
152543
2029
131466
78130
21741
62998
123411
138238
170102
57144
53833
98729
125718
156587
85677
36460
67366
99423
106548
151581
156701
122422
93057
13249
14497
13674
122435
298
122732
15700
11663
150597
77538
85376
148479
126456
107789
96798
25245
64597
137511
70350
112141
56960
133315
72970
57593
136826
126772
8092
143373
35794
10482
60070
22216
107790
144419
48967
112491
64717
76197
161741
84813
126253
91624
14159
65830
2590
14643
130287
7158
99753
81652
129336
131850
92485
30012
105240
170856
148949
95548
165209
149975
134941
38209
130864
75959
126979
45365
107280
22562
93434
38057
7224
161313
83088
97586
60859
34635
140452
125662
40006
67761
122923
131583
33627
121717
65363
107494
168887
41694
129784
2552
164590
61046
87742
170724
67013
53451
39203
44174
85400
95460
122931
57381
69897
109313
170723
125279
3638
22788
6854
81273
158371
137570
145885
91301
30205
69445
137095
63134
146133
125999
48138
125313
157436
134162
132687
26586
150092
91997
112284
127226
126129
100717
145150
50468
124625
125877
99978
6664
3125
27056
92385
14808
76681
71513
155093
96380
119593
41860
76763
130473
103308
30155
135749
26464
67619
151983
117310
3426
115118
132310
20202
122957
78142
133965
29853
71804
126888
48836
33359
8962
122528
158768
35660
106025
124927
8411
100071
117361
158060
170678
86757
29900
4269
126692
145034
152881
124139
24639
114320
66075
128279
53307
7197
162696
148935
92652
48312
143081
148620
4507
84028
23997
97031
127620
89714
81882
12512
1756
83388
103320
57003
31540
143942
35184
98108
123462
54169
11884
120558
149986
8743
131516
144764
153311
154062
49636
164127
135811
151763
28062
135393
57210
162712
97032
47448
108550
25672
116950
121590
84629
50329
109973
71282
144896
148101
83352
106026
112447
18455
127814
145808
44200
50364
106023
77940
46745
68662
163218
110256
118868
71368
71051
116949
88500
4124
136309
134039
50333
63751
56865
119725
119747
107581
95221
51546
38466
21063
13667
104024
49151
11093
136024
38350
134365
108557
98186
129993
119622
93796
115335
55951
124476
170232
153068
32832
135036
58739
59104
91188
61852
15857
12219
30995
148754
67392
107698
159264
6312
161351
13700
136704
23919
78262
7260
145345
131331
122832
161875
8763
137537
84644
73590
150303
21827
150155
3514
150786
24411
157991
28071
25736
48901
8559
157465
21167
165514
84193
159651
110016
145042
129221
109493
134387
66874
64384
14632
10737
137740
91059
60562
74702
32863
68218
43969
141937
10210
165200
46805
144102
122836
5628
9477
30187
23415
13665
83374
62489
34795
69537
91472
168225
71044
143704
63957
86336
114247
29467
13151
34638
13804
144593
96263
74276
83878
168240
61106
124769
162047
126391
31798
96161
57710
50356
46652
85252
27619
52222
101729
82213
140643
62865
103152
111740
138893
89855
35183
154642
44635
8898
68887
137815
96115
8916
43289
133217
96457
118883
28984
67684
145472
160914
37730
2410
67776
87500
17003
106818
2816
9289
140439
154015
89579
126146
93149
131754
119413
170993
87219
66828
84021
82355
115090
82928
64585
86972
22357
167402
18431
89477
62947
61056
33991
57136
111012
70334
23935
11328
160135
2026
23101
125772
37508
47312
35382
64998
98756
52284
33
161492
168280
140466
161273
33226
123339
167246
46016
104514
163946
85390
117279
16849
156061
170732
135118
49534
27469
140337
15438
127134
34777
159094
53552
163173
20472
640
137905
140854
133684
135508
147518
157283
159187
111290
137638
152411
806
142227
115481
19310
89761
138309
10242
142277
63762
133573
103373
124135
92747
92676
55389
109663
115137
40907
125346
148194
133300
122218
157579
126712
76611
147670
21320
145177
134630
106128
22880
50954
111017
85940
32847
121715
143659
121789
6384
122163
82287
74389
2922
104221
145391
75821
32526
85430
23663
147616
72490
68336
122144
154111
15405
130209
149929
142207
153639
122385
156675
126729
53983
112249
46340
122419
75289
97627
73790
55907
5492
121811
38646
75954
145968
30232
83943
114531
51037
143390
120341
43661
55043
59152
141729
140153
99961
14142
144930
137520
165443
52956
98117
120614
116467
78859
158683
112507
165160
59967
133633
129744
86399
54139
156214
165370
107772
135260
131655
67603
18017
168074
24630
6090
139417
8013
47747
72536
154661
109852
53331
130186
25537
139501
6313
79483
140864
76861
55684
71860
70378
9755
68185
111631
19485
122178
104233
2925
106749
37868
133481
21165
39446
41135
146032
132400
92452
171156
39708
48854
34029
129265
135848
153178
47501
124068
149210
107755
141942
16816
59062
91230
89810
164121
87695
78779
15847
100406
163127
140058
138394
614
90703
85052
133539
169896
165891
126490
103428
134928
130491
151805
157794
69279
135409
107664
111008
20866
7601
53235
170173
33947
83419
13429
14870
73829
164867
64362
33971
20761
139173
91216
128856
90598
75833
10753
108653
115083
15558
138547
95150
87615
38338
138971
90399
158058
29183
40039
78289
84603
165778
134443
131397
109844
135390
15856
111287
2492
46718
103091
147819
64801
72040
140674
76971
89877
21876
170061
83347
83644
85045
147684
108069
1849
91332
147893
141155
142300
83420
96289
9161
41963
92057
136841
14785
19127
109359
100810
33780
112082
161641
15091
126333
124587
88806
85960
130771
101935
159999
88363
132214
130824
34040
66688
133358
103113
85399
113352
59689
62171
150800
164269
107776
105501
156299
126050
164600
127904
26764
69484
75085
52494
140729
164074
137135
114862
108166
165531
30081
112418
141378
158769
147582
94148
138353
3549
28152
90687
145770
129269
170637
140959
169831
115953
66717
149351
94143
136849
152889
170638
39283
80008
146653
144912
28450
145081
17296
101659
62155
29998
144321
59503
91270
126120
47074
93454
61155
170636
34371
110027
139312
72014
82273
160519
135289
152568
43685
142333
140891
62253
122945
25282
49521
100189
23653
23942
34702
131298
6043
151502
136860
166129
98047
2346
150592
119930
15587
35532
133532
116778
160323
79074
106024
125158
64294
155680
49830
91638
78849
29272
64256
161164
21378
22674
147177
14979
167916
97270
86820
20899
165702
49784
152951
41991
146630
77185
159032
43029
100106
67586
136338
114526
35376
28315
85529
147957
137249
140468
163272
3668
18015
157392
152085
22136
35106
9588
74358
67089
166571
47235
83251
98966
144323
63001
46244
95850
119476
130101
129266
112631
145603
134783
26669
111292
26940
46722
81042
10785
138015
149883
39093
128222
34886
105712
17914
112095
125819
142127
105382
156659
150926
34319
85093
24685
86044
44911
24014
137439
109189
37711
26708
23243
40530
95374
95641
144641
133082
50430
154860
99745
1583
19650
124941
19065
61268
47017
8570
120697
79905
148902
131461
120167
161511
42896
65935
17067
47895
45433
32620
137330
170306
58263
127519
146771
131558
125560
25580
44681
42083
74897
90342
40817
51156
75458
58494
135488
61893
11317
70417
109939
35095
138425
143195
130731
101709
20533
47719
125737
142933
100070
110369
26016
166956
108765
71063
149131
136314
141598
8608
28349
45125
97373
125445
126385
135259
4630
42305
31154
41972
129064
17332
118449
40138
131826
130505
11712
109168
157582
13432
164350
38655
21402
95835
167038
11417
125898
164868
153046
157558
2908
92276
159070
62421
158498
136592
155707
92640
61186
128730
12180
44669
10013
26061
129385
59618
102592
73189
75926
34865
7959
150503
130809
127492
133011
19218
168040
8306
59400
68471
106466
166810
81579
145188
112080
85770
1727
94625
62583
135992
41463
132669
85271
54741
8378
142515
157565
146137
52437
108549
142886
150198
92794
81458
42281
26656
79869
165720
119631
122504
12721
78633
33392
95841
129172
1687
125774
49984
132458
143884
161512
68648
138281
50932
124425
43621
167931
119102
137797
160966
47509
82320
8308
117483
165677
118939
156907
103653
55251
143000
15064
72122
67970
160149
156532
163797
52505
128615
80406
84785
101628
150270
164646
118673
108198
23898
49725
143611
138767
32451
87789
34112
36174
343
33557
29313
5497
123720
126616
9825
157219
64481
167813
85129
42326
60340
57697
145425
75548
45963
149371
164977
135785
120034
170912
85141
147130
15765
86885
9584
72079
135228
160307
125277
168253
147673
136167
35169
159863
159965
138947
55657
93174
89473
58620
60937
3505
157364
136364
134073
45432
90749
73720
85706
128923
56106
23303
122740
150162
77878
3554
48606
53441
28611
125715
4929
148411
132796
17545
169601
24856
138905
158518
139818
138102
163461
66365
139548
53863
119547
126864
25745
108330
26301
74376
9892
138590
150011
139970
8753
148322
27055
62237
26331
86041
23230
165355
170790
160589
143032
168146
141923
142814
161646
142581
85972
46553
99054
141259
132513
63826
136871
40010
1956
62785
75956
127851
100889
149436
76130
75884
132512
23292
40533
139693
118357
150638
31052
52174
127963
169542
148049
113065
16155
128462
97078
39165
116327
152581
19499
142612
165690
163684
64488
152269
63029
43842
90110
78393
85337
112380
115996
47053
121827
76100
142695
71269
148984
153657
4506
103253
105417
60881
108817
5060
126236
116607
131564
97531
18812
87666
44284
137551
1425
105298
149801
63299
52717
106638
9423
56815
24415
106878
35309
120894
82605
165700
38887
160536
5058
45935
124879
47297
77678
80884
19753
80875
156402
128893
116274
74113
24414
71306
81593
17635
7289
68698
55963
17351
61104
143326
37259
16185
80850
158201
86717
85283
120278
102915
170404
101108
93058
160111
12511
129754
99470
63766
147407
165552
53969
142549
131281
151919
142743
58770
106500
120983
114570
99525
102446
58712
141213
165810
156062
56814
125928
151508
129349
170094
46387
31372
160822
146126
18387
93193
45400
98990
131405
155153
19457
150441
57631
25450
39374
40265
45464
69047
111831
91403
147436
157397
133833
85958
85444
19387
40362
68293
3647
133664
163377
76715
2245
169724
2349
68993
72859
153211
167787
132644
45802
105954
67374
85637
77430
69674
122328
105093
103029
81540
35758
19445
136889
148270
108625
107375
126292
100073
29111
124533
99224
52506
30493
87775
90856
55644
137883
56148
19688
69612
104164
126308
33310
163039
127677
60640
40034
141290
80976
157969
139022
162172
104014
110482
31834
23475
72937
171158
49470
162850
75194
138601
119624
152004
60338
35201
91310
107656
121374
8822
120377
28378
114968
6629
22224
135223
107332
117089
62873
147996
127121
62934
56573
9642
125314
122737
48772
156073
141004
2885
100760
106896
45343
170391
29267
74499
32162
106885
24528
56785
135029
148278
170714
84849
139765
50570
103257
157217
57211
19632
144988
45918
137800
72693
22893
97902
144740
4062
30407
96640
34011
44628
90709
102325
47934
136951
145144
34878
132339
151211
83986
135938
90905
115997
21430
4999
93998
36177
123779
150691
4268
169001
99749
112244
137269
105912
9815
38923
166032
295
76710
118086
35831
72342
20879
67280
78999
73725
86847
62748
17450
144592
149738
77634
164824
54041
27694
93976
84087
79851
78971
72913
92508
134776
169172
95134
166902
4781
775
86924
4339
109271
147976
120198
3675
65130
8902
131445
153740
12253
159996
161677
108013
33143
119264
32609
75107
123828
110072
62906
1315
19231
101927
38322
170072
167828
88324
89185
2984
89830
15548
80113
117059
123688
147057
58019
56622
158472
27540
24729
134915
47175
136742
162969
154621
15381
144169
157981
165861
153212
142488
69911
40731
38554
13116
170640
41560
93761
116244
85409
29898
52094
164274
131581
34704
64353
64901
91006
153426
148283
132261
116386
80525
64166
86510
160890
104101
72475
153424
155771
141129
127281
121797
31396
19501
163158
164090
100588
29850
123997
151911
57245
9843
46133
21054
136493
111994
152425
76367
132337
133394
81415
129538
105026
132002
71521
65636
58785
9258
142170
116844
125046
147954
140906
143128
118691
39400
72753
154315
166596
126433
126743
33473
63860
73081
45945
86755
151712
52297
67637
148230
102207
165227
129261
119942
85124
147187
19194
7964
102581
48945
31797
51057
35806
119562
165630
76697
92313
144243
19986
18779
37917
143321
149881
69574
16356
158930
92277
109443
138599
3713
119780
27137
2351
40110
13036
171041
164603
54149
53777
44123
53314
94947
33962
27702
117678
160407
166656
133308
169353
135389
159245
31844
136560
86645
30180
56067
77432
85401
80025
9320
58738
133631
11461
118643
80791
155567
3476
143754
38903
62717
130588
50346
160626
11944
111296
111963
114240
77396
132045
128178
864
122873
156703
111307
167925
72870
156861
23790
162817
155690
34012
4405
55905
91879
58817
15002
157232
85055
89914
110246
15274
46128
70281
55061
78260
104030
153987
137695
166738
125240
21648
133645
24239
76970
40785
153096
45922
95744
70663
145025
154828
116961
85836
110969
160484
69903
157327
156581
129104
112387
107544
4536
97362
88975
103603
118725
134749
128134
13216
168437
151891
105953
34518
100691
149449
145249
82094
15275
154946
166278
36486
119316
14256
96389
43682
77336
108413
71046
162816
17538
126738
71846
109836
115983
4490
170243
93468
137555
125322
145113
134399
99155
60537
117871
109047
155648
160217
102721
112420
40024
136343
85027
161365
34552
89954
75281
113015
72061
123015
112038
170729
163075
118213
722
64601
8483
46858
38366
110900
118466
112388
134759
129242
39359
46535
129241
65360
140298
42082
53260
167051
152136
98951
114382
162690
145143
143324
135563
108443
164176
61393
130294
37268
122667
145049
141644
108366
133183
62640
121938
110589
90041
165192
43770
70252
151169
63775
109314
165274
63052
35212
44926
117775
169317
154251
93451
8874
91111
157192
120514
52614
142675
130059
44153
166316
60795
101660
110878
33072
64538
90498
35422
114433
110073
85494
87378
86380
164054
115553
140785
167945
150717
53715
69858
143332
114925
43544
108093
87040
152890
126165
50559
79759
108213
156612
29058
98079
115951
97714
57832
135591
165332
14648
112688
87525
88776
88791
110890
127451
47177
33073
149481
170401
13542
34483
159658
136521
38926
170137
94774
146138
77223
104961
61241
99553
27231
3733
156540
96652
35239
105319
144049
12179
131490
42473
42905
35717
31833
115180
7897
71099
162191
